75 0 0.145467 
75 1 0.209666 
75 2 0.135819 
75 3 0.274715 
75 4 0.0229995 
75 5 0.557169 
75 6 0.411115 
75 7 0.0189801 
75 8 0.62169 
75 9 0.0410193 
75 10 0.429284 
75 11 0.472879 
75 12 0.560936 
75 13 0.658057 
75 14 0.266028 
75 15 0.434078 
75 16 0.164938 
75 17 0.751593 
75 18 0.535492 
75 19 0.0856295 
75 20 0.281876 
75 21 0.703312 
75 22 0.726235 
75 23 0.134804 
75 24 0.692024 
75 25 0.0241436 
75 26 0.0120406 
75 27 0.512709 
75 28 0.684607 
75 29 0.0660497 
75 30 0.53545 
75 31 0.221677 
75 32 0.607217 
75 33 0.482069 
75 34 0.347313 
75 35 0.150307 
75 36 0.401584 
75 37 0.540602 
75 38 0.46911 
75 39 0.0848396 
75 40 0.666475 
75 41 0.25681 
75 42 0.678512 
75 43 0.63826 
75 44 0.322692 
75 45 0.657125 
75 46 0.166725 
75 47 0.568708 
75 48 0.19915 
75 49 0.313335 
75 50 0.430746 
75 51 0.0947386 
75 52 0.361222 
75 53 0.203163 
75 54 0.799445 
75 55 0.0631465 
75 56 0.171584 
75 57 0.0614569 
75 58 0.225736 
75 59 0.210959 
75 60 0.15805 
75 61 0.665991 
75 62 0.444997 
75 63 0.243284 
75 64 0.12864 
75 65 0.262759 
75 66 0.176009 
75 67 0.3458 
75 68 0.171497 
75 69 0.069574 
75 70 0.104121 
75 71 0.485374 
75 72 0.301682 
75 73 0.728082 
75 74 0.543981 
75 75 0.439522 
75 76 0.790367 
75 77 0.539152 
75 78 0.571523 
75 79 0.718572 
75 80 0.62951 
75 81 0.456557 
75 82 0.733743 
75 83 0.194999 
75 84 0.099029 
75 85 0.193608 
75 86 0.757217 
75 87 0.68341 
75 88 0.504988 
75 89 0.068119 
75 90 0.0717953 
75 91 0.173835 
75 92 0.649436 
75 93 0.274783 
75 94 0.579268 
75 95 0.314064 
75 96 0.566462 
75 97 0.57099 
75 98 0.0319109 
75 99 0.511072 
