13 0 0.368814 
13 1 0.13151 
13 2 0.315483 
13 3 0.452828 
13 4 0.770347 
13 5 0.20176 
13 6 0.0887728 
13 7 0.600021 
13 8 0.505683 
13 9 0.303033 
13 10 0.0357757 
13 11 0.063838 
13 12 0.56483 
13 13 0.653256 
13 14 0.0959862 
13 15 0.768244 
13 16 0.648678 
13 17 0.329965 
13 18 0.591012 
13 19 0.0168379 
13 20 0.601481 
13 21 0.325143 
13 22 0.695064 
13 23 0.120916 
13 24 0.497594 
13 25 0.725826 
13 26 0.383684 
13 27 0.546782 
13 28 0.505478 
13 29 0.345709 
13 30 0.583414 
13 31 0.218088 
13 32 0.147988 
13 33 0.246602 
13 34 0.601096 
13 35 0.156162 
13 36 0.102861 
13 37 0.00321877 
13 38 0.197814 
13 39 0.607008 
13 40 0.441241 
13 41 0.703683 
13 42 0.26946 
13 43 0.577674 
13 44 0.269195 
13 45 0.362615 
13 46 0.458899 
13 47 0.519966 
13 48 0.703188 
13 49 0.350826 
13 50 0.53901 
13 51 0.524234 
13 52 0.0485744 
13 53 0.034039 
13 54 0.518717 
13 55 0.653992 
13 56 0.612175 
13 57 0.215598 
13 58 0.0888215 
13 59 0.254378 
13 60 0.258684 
13 61 0.0502083 
13 62 0.788679 
13 63 0.733369 
13 64 0.327664 
13 65 0.669904 
13 66 0.0516426 
13 67 0.583662 
13 68 0.0491335 
13 69 0.153238 
13 70 0.128624 
13 71 0.133774 
13 72 0.104858 
13 73 0.223418 
13 74 0.715673 
13 75 0.613401 
13 76 0.178944 
13 77 0.556585 
13 78 0.0578226 
13 79 0.435163 
13 80 0.475877 
13 81 0.113622 
13 82 0.719166 
13 83 0.78022 
13 84 0.558814 
13 85 0.111065 
13 86 0.222721 
13 87 0.587225 
13 88 0.263295 
13 89 0.473912 
13 90 0.326988 
13 91 0.604811 
13 92 0.41378 
13 93 0.631145 
13 94 0.345036 
13 95 0.703989 
13 96 0.379927 
13 97 0.0629288 
13 98 0.0841865 
13 99 0.613302 
