40 0 0.599972 
40 1 0.15031 
40 2 0.0364383 
40 3 0.00736967 
40 4 0.1256 
40 5 0.693591 
40 6 0.522321 
40 7 0.193646 
40 8 0.0356322 
40 9 0.0153847 
40 10 0.745604 
40 11 0.0400309 
40 12 0.157213 
40 13 0.431945 
40 14 0.210341 
40 15 0.597667 
40 16 0.292688 
40 17 0.213669 
40 18 0.210102 
40 19 0.260427 
40 20 0.287041 
40 21 0.336355 
40 22 0.303583 
40 23 0.242813 
40 24 0.175649 
40 25 0.777052 
40 26 0.30346 
40 27 0.284771 
40 28 0.567969 
40 29 0.507457 
40 30 0.0847667 
40 31 0.318576 
40 32 0.521602 
40 33 0.341719 
40 34 0.16588 
40 35 0.787003 
40 36 0.438751 
40 37 0.521797 
40 38 0.449264 
40 39 0.801279 
40 40 0.353023 
40 41 0.710442 
40 42 0.28974 
40 43 0.186306 
40 44 0.70002 
40 45 0.32818 
40 46 0.20157 
40 47 0.255655 
40 48 0.765613 
40 49 0.136659 
40 50 0.0825305 
40 51 0.571557 
40 52 0.331256 
40 53 0.187984 
40 54 0.391128 
40 55 0.651659 
40 56 0.148586 
40 57 0.716936 
40 58 0.154973 
40 59 0.365 
40 60 0.411339 
40 61 0.562795 
40 62 0.155825 
40 63 0.2064 
40 64 0.579748 
40 65 0.442423 
40 66 0.374004 
40 67 0.143288 
40 68 0.503398 
40 69 0.746417 
40 70 0.492025 
40 71 0.678274 
40 72 0.447816 
40 73 0.63075 
40 74 0.728242 
40 75 0.344642 
40 76 0.748455 
40 77 0.157041 
40 78 0.282053 
40 79 0.695868 
40 80 0.106117 
40 81 0.693253 
40 82 0.785759 
40 83 0.515867 
40 84 0.574842 
40 85 0.537717 
40 86 0.58773 
40 87 0.424632 
40 88 0.695283 
40 89 0.724793 
40 90 0.213867 
40 91 0.0307574 
40 92 0.489103 
40 93 0.681724 
40 94 0.669531 
40 95 0.556528 
40 96 0.421751 
40 97 0.24621 
40 98 0.534411 
40 99 0.138576 
