18 0 0.482881 
18 1 0.374294 
18 2 0.0903416 
18 3 0.450362 
18 4 0.0451477 
18 5 0.638756 
18 6 0.394551 
18 7 0.422195 
18 8 0.259338 
18 9 0.516923 
18 10 0.0477289 
18 11 0.0508392 
18 12 0.783322 
18 13 0.354499 
18 14 0.329647 
18 15 0.335046 
18 16 0.428976 
18 17 0.212131 
18 18 0.615604 
18 19 0.363675 
18 20 0.160922 
18 21 0.0942858 
18 22 0.510962 
18 23 0.300143 
18 24 0.795248 
18 25 0.785789 
18 26 0.466423 
18 27 0.457908 
18 28 0.719235 
18 29 0.29137 
18 30 0.751671 
18 31 0.496993 
18 32 0.534821 
18 33 0.534041 
18 34 0.318985 
18 35 0.192603 
18 36 0.694972 
18 37 0.118287 
18 38 0.737592 
18 39 0.0414215 
18 40 0.187451 
18 41 0.793672 
18 42 0.485088 
18 43 0.213978 
18 44 0.488668 
18 45 0.291728 
18 46 0.51739 
18 47 0.46269 
18 48 0.499918 
18 49 0.425337 
18 50 0.453553 
18 51 0.519761 
18 52 0.176834 
18 53 0.128485 
18 54 0.306076 
18 55 0.38336 
18 56 0.316556 
18 57 0.547781 
18 58 0.0472166 
18 59 0.716236 
18 60 0.423836 
18 61 0.742231 
18 62 0.137021 
18 63 0.603052 
18 64 0.501152 
18 65 0.609721 
18 66 0.332706 
18 67 0.722854 
18 68 0.731934 
18 69 0.477157 
18 70 0.797747 
18 71 0.209355 
18 72 0.779665 
18 73 0.755295 
18 74 0.763776 
18 75 0.390102 
18 76 0.333045 
18 77 0.49423 
18 78 0.155965 
18 79 0.535171 
18 80 0.0657828 
18 81 0.314989 
18 82 0.1238 
18 83 0.0297674 
18 84 0.080252 
18 85 0.397594 
18 86 0.52117 
18 87 0.515989 
18 88 0.0722412 
18 89 0.746082 
18 90 0.724007 
18 91 0.13263 
18 92 0.0110846 
18 93 0.188152 
18 94 0.284809 
18 95 0.263914 
18 96 0.415375 
18 97 0.0917101 
18 98 0.170876 
18 99 0.612778 
