88 0 0.342685 
88 1 0.221808 
88 2 0.361068 
88 3 0.0042035 
88 4 0.258161 
88 5 0.71579 
88 6 0.526725 
88 7 0.606473 
88 8 0.647546 
88 9 0.268445 
88 10 0.610472 
88 11 0.794441 
88 12 0.484271 
88 13 0.324911 
88 14 0.644891 
88 15 0.175104 
88 16 0.436011 
88 17 0.359241 
88 18 0.769888 
88 19 0.49603 
88 20 0.279954 
88 21 0.0728628 
88 22 0.402038 
88 23 0.435199 
88 24 0.440892 
88 25 0.600037 
88 26 0.260148 
88 27 0.599775 
88 28 0.284511 
88 29 0.165678 
88 30 0.442288 
88 31 0.0764192 
88 32 0.131305 
88 33 0.511573 
88 34 0.180647 
88 35 0.00939568 
88 36 0.0982613 
88 37 0.579668 
88 38 0.778118 
88 39 0.439776 
88 40 0.109038 
88 41 0.352896 
88 42 0.0549038 
88 43 0.105746 
88 44 0.130381 
88 45 0.0423239 
88 46 0.060497 
88 47 0.223323 
88 48 0.747388 
88 49 0.0223224 
88 50 0.0553711 
88 51 0.387233 
88 52 0.333505 
88 53 0.546934 
88 54 0.210893 
88 55 0.457425 
88 56 0.407017 
88 57 0.456319 
88 58 0.782046 
88 59 0.548278 
88 60 0.768003 
88 61 0.373024 
88 62 0.332602 
88 63 0.793785 
88 64 0.462107 
88 65 0.749028 
88 66 0.718739 
88 67 0.00785652 
88 68 0.488404 
88 69 0.282131 
88 70 0.19905 
88 71 0.216924 
88 72 0.368078 
88 73 0.525818 
88 74 0.536613 
88 75 0.587552 
88 76 0.465229 
88 77 0.396706 
88 78 0.622571 
88 79 0.283258 
88 80 0.732109 
88 81 0.254886 
88 82 0.301661 
88 83 0.656498 
88 84 0.053445 
88 85 0.415115 
88 86 0.112461 
88 87 0.261963 
88 88 0.635757 
88 89 0.673279 
88 90 0.351389 
88 91 0.510044 
88 92 0.795209 
88 93 0.417307 
88 94 0.314155 
88 95 0.6294 
88 96 0.596849 
88 97 0.418806 
88 98 0.709049 
88 99 0.648886 
