15 0 0.145434 
15 1 0.432328 
15 2 0.54677 
15 3 0.296437 
15 4 0.0271126 
15 5 0.564504 
15 6 0.00940725 
15 7 0.552948 
15 8 0.66766 
15 9 0.139019 
15 10 0.227289 
15 11 0.264955 
15 12 0.121434 
15 13 0.752291 
15 14 0.405872 
15 15 0.707441 
15 16 0.520515 
15 17 0.0449241 
15 18 0.177044 
15 19 0.346994 
15 20 0.109777 
15 21 0.631045 
15 22 0.676115 
15 23 0.51116 
15 24 0.571891 
15 25 0.321523 
15 26 0.568656 
15 27 0.129172 
15 28 0.290897 
15 29 0.738011 
15 30 0.758262 
15 31 0.367812 
15 32 0.185721 
15 33 0.623374 
15 34 0.506251 
15 35 0.133551 
15 36 0.394103 
15 37 0.547199 
15 38 0.668668 
15 39 0.377706 
15 40 0.133374 
15 41 0.43764 
15 42 0.386062 
15 43 0.0391692 
15 44 0.61858 
15 45 0.264635 
15 46 0.415398 
15 47 0.0238266 
15 48 0.70016 
15 49 0.484644 
15 50 0.616456 
15 51 0.706222 
15 52 0.304995 
15 53 0.801273 
15 54 0.198173 
15 55 0.15734 
15 56 0.374469 
15 57 0.50138 
15 58 0.660334 
15 59 0.0498419 
15 60 0.194461 
15 61 0.343933 
15 62 0.568205 
15 63 0.65956 
15 64 0.232778 
15 65 0.0287468 
15 66 0.799744 
15 67 0.478505 
15 68 0.533487 
15 69 0.800646 
15 70 0.661637 
15 71 0.0357396 
15 72 0.348467 
15 73 0.375356 
15 74 0.475976 
15 75 0.321945 
15 76 0.641872 
15 77 0.463118 
15 78 0.28617 
15 79 0.636189 
15 80 0.5514 
15 81 0.768885 
15 82 0.338889 
15 83 0.187553 
15 84 0.607903 
15 85 0.309736 
15 86 0.34223 
15 87 0.0225182 
15 88 0.698387 
15 89 0.612982 
15 90 0.375293 
15 91 0.684549 
15 92 0.0220894 
15 93 0.709589 
15 94 0.432238 
15 95 0.719187 
15 96 0.138144 
15 97 0.306131 
15 98 0.800375 
15 99 0.299833 
