33 0 0.296679 
33 1 0.307579 
33 2 0.753159 
33 3 0.350251 
33 4 0.0335304 
33 5 0.608164 
33 6 0.387052 
33 7 0.549341 
33 8 0.0399993 
33 9 0.431431 
33 10 0.0502492 
33 11 0.715539 
33 12 0.719013 
33 13 0.0301836 
33 14 0.216561 
33 15 0.111511 
33 16 0.519896 
33 17 0.449643 
33 18 0.794173 
33 19 0.230707 
33 20 0.738533 
33 21 0.00310343 
33 22 0.635111 
33 23 0.520846 
33 24 0.649652 
33 25 0.494259 
33 26 0.288568 
33 27 0.647395 
33 28 0.224327 
33 29 0.0126431 
33 30 0.708926 
33 31 0.380539 
33 32 0.422322 
33 33 0.359369 
33 34 0.0272004 
33 35 0.132019 
33 36 0.0388631 
33 37 0.271636 
33 38 0.792089 
33 39 0.518298 
33 40 0.533884 
33 41 0.327717 
33 42 0.61375 
33 43 0.144739 
33 44 0.572122 
33 45 0.16466 
33 46 0.390624 
33 47 0.203564 
33 48 0.523392 
33 49 0.53694 
33 50 0.257961 
33 51 0.352599 
33 52 0.698958 
33 53 0.00446374 
33 54 0.27096 
33 55 0.28642 
33 56 0.173692 
33 57 0.361915 
33 58 0.331335 
33 59 0.031514 
33 60 0.297191 
33 61 0.181162 
33 62 0.612419 
33 63 0.666778 
33 64 0.571378 
33 65 0.613563 
33 66 0.289546 
33 67 0.660141 
33 68 0.173389 
33 69 0.663248 
33 70 0.533959 
33 71 0.430629 
33 72 0.459476 
33 73 0.596666 
33 74 0.181743 
33 75 0.790157 
33 76 0.730673 
33 77 0.281292 
33 78 0.0373959 
33 79 0.568832 
33 80 0.571324 
33 81 0.758197 
33 82 0.757461 
33 83 0.586822 
33 84 0.511549 
33 85 0.385885 
33 86 0.577415 
33 87 0.787646 
33 88 0.268109 
33 89 0.615874 
33 90 0.0381151 
33 91 0.404171 
33 92 0.0694252 
33 93 0.582385 
33 94 0.297903 
33 95 0.526335 
33 96 0.142051 
33 97 0.215941 
33 98 0.0347962 
33 99 0.0608128 
