50 0 0.107942 
50 1 0.666081 
50 2 0.301455 
50 3 0.272604 
50 4 0.31664 
50 5 0.0342615 
50 6 0.761618 
50 7 0.313984 
50 8 0.0567914 
50 9 0.418477 
50 10 0.452759 
50 11 0.521301 
50 12 0.264714 
50 13 0.8011 
50 14 0.69676 
50 15 0.473468 
50 16 0.450119 
50 17 0.282442 
50 18 0.584591 
50 19 0.743528 
50 20 0.580638 
50 21 0.620917 
50 22 0.401461 
50 23 0.420206 
50 24 0.236095 
50 25 0.707341 
50 26 0.034401 
50 27 0.334234 
50 28 0.345353 
50 29 0.437783 
50 30 0.376216 
50 31 0.622302 
50 32 0.0103441 
50 33 0.118934 
50 34 0.218245 
50 35 0.591199 
50 36 0.0209768 
50 37 0.311181 
50 38 0.310896 
50 39 0.372623 
50 40 0.68113 
50 41 0.669569 
50 42 0.659597 
50 43 0.573064 
50 44 0.320715 
50 45 0.763571 
50 46 0.286653 
50 47 0.646686 
50 48 0.183181 
50 49 0.352798 
50 50 0.142705 
50 51 0.0338404 
50 52 0.276882 
50 53 0.377658 
50 54 0.501171 
50 55 0.128271 
50 56 0.192958 
50 57 0.801898 
50 58 0.687959 
50 59 0.174384 
50 60 0.614845 
50 61 0.29548 
50 62 0.688857 
50 63 0.769633 
50 64 0.226373 
50 65 0.395277 
50 66 0.327671 
50 67 0.335517 
50 68 0.344009 
50 69 0.637132 
50 70 0.197734 
50 71 0.543794 
50 72 0.35326 
50 73 0.48299 
50 74 0.257954 
50 75 0.323125 
50 76 0.590617 
50 77 0.349857 
50 78 0.14034 
50 79 0.183808 
50 80 0.61481 
50 81 0.180053 
50 82 0.577194 
50 83 0.437187 
50 84 0.453985 
50 85 0.116957 
50 86 0.611619 
50 87 0.265564 
50 88 0.590524 
50 89 0.554969 
50 90 0.6605 
50 91 0.752771 
50 92 0.710108 
50 93 0.548399 
50 94 0.236602 
50 95 0.0596802 
50 96 0.691664 
50 97 0.189212 
50 98 0.800814 
50 99 0.529135 
