66 0 0.367579 
66 1 0.324446 
66 2 0.139539 
66 3 0.504198 
66 4 0.368564 
66 5 0.301777 
66 6 0.200821 
66 7 0.579654 
66 8 0.69394 
66 9 0.329277 
66 10 0.308513 
66 11 0.555485 
66 12 0.204905 
66 13 0.59681 
66 14 0.042312 
66 15 0.725903 
66 16 0.307326 
66 17 0.416157 
66 18 0.49054 
66 19 0.594832 
66 20 0.728609 
66 21 0.430042 
66 22 0.166755 
66 23 0.261694 
66 24 0.678747 
66 25 0.525095 
66 26 0.394078 
66 27 0.508623 
66 28 0.637405 
66 29 0.792725 
66 30 0.534463 
66 31 0.263374 
66 32 0.19371 
66 33 0.315779 
66 34 0.413015 
66 35 0.764185 
66 36 0.507467 
66 37 0.759447 
66 38 0.31074 
66 39 0.345041 
66 40 0.427109 
66 41 0.745653 
66 42 0.185433 
66 43 0.330402 
66 44 0.0631598 
66 45 0.607773 
66 46 0.576746 
66 47 0.617976 
66 48 0.715744 
66 49 0.0177132 
66 50 0.286072 
66 51 0.347459 
66 52 0.697965 
66 53 0.0201961 
66 54 0.214792 
66 55 0.782779 
66 56 0.681481 
66 57 0.452506 
66 58 0.319515 
66 59 0.119212 
66 60 0.262857 
66 61 0.706718 
66 62 0.196911 
66 63 0.558109 
66 64 0.574637 
66 65 0.148811 
66 66 0.355901 
66 67 0.109004 
66 68 0.664101 
66 69 0.478449 
66 70 0.782889 
66 71 0.481156 
66 72 0.450461 
66 73 0.796569 
66 74 0.282586 
66 75 0.28861 
66 76 0.466177 
66 77 0.509148 
66 78 0.685809 
66 79 0.210174 
66 80 0.313776 
66 81 0.025893 
66 82 0.335635 
66 83 0.294095 
66 84 0.468732 
66 85 0.511819 
66 86 0.793398 
66 87 0.746873 
66 88 0.215834 
66 89 0.411263 
66 90 0.388575 
66 91 0.49808 
66 92 0.782912 
66 93 0.601952 
66 94 0.318581 
66 95 0.170479 
66 96 0.508705 
66 97 0.64021 
66 98 0.284754 
66 99 0.616907 
