23 0 0.211444 
23 1 0.143251 
23 2 0.632762 
23 3 0.313578 
23 4 0.31197 
23 5 0.594188 
23 6 0.557947 
23 7 0.533536 
23 8 0.121788 
23 9 0.614853 
23 10 0.295764 
23 11 0.793935 
23 12 0.726566 
23 13 0.403979 
23 14 0.0217557 
23 15 0.718215 
23 16 0.608899 
23 17 0.18269 
23 18 0.682486 
23 19 0.335662 
23 20 0.617523 
23 21 0.12355 
23 22 0.0831457 
23 23 0.177276 
23 24 0.607879 
23 25 0.168696 
23 26 0.0303048 
23 27 0.0296295 
23 28 0.286062 
23 29 0.559791 
23 30 0.594661 
23 31 0.395497 
23 32 0.229353 
23 33 0.33136 
23 34 0.726301 
23 35 0.397652 
23 36 0.130631 
23 37 0.282664 
23 38 0.538065 
23 39 0.593521 
23 40 0.374868 
23 41 0.405932 
23 42 0.478904 
23 43 0.697293 
23 44 0.0375664 
23 45 0.0338347 
23 46 0.458552 
23 47 0.291193 
23 48 0.0609828 
23 49 0.769941 
23 50 0.673813 
23 51 0.168961 
23 52 0.780248 
23 53 0.0102027 
23 54 0.0541528 
23 55 0.442893 
23 56 0.373329 
23 57 0.0127387 
23 58 0.330193 
23 59 0.16025 
23 60 0.0288844 
23 61 0.796991 
23 62 0.389584 
23 63 0.307888 
23 64 0.660189 
23 65 0.482643 
23 66 0.726925 
23 67 0.175944 
23 68 0.460497 
23 69 0.801825 
23 70 0.0414126 
23 71 0.431357 
23 72 0.508667 
23 73 0.144261 
23 74 0.207098 
23 75 0.295078 
23 76 0.00316342 
23 77 0.369662 
23 78 0.332708 
23 79 0.778833 
23 80 0.446813 
23 81 0.0986584 
23 82 0.457589 
23 83 0.163021 
23 84 0.590037 
23 85 0.628075 
23 86 0.585945 
23 87 0.373847 
23 88 0.022084 
23 89 0.345719 
23 90 0.362989 
23 91 0.380934 
23 92 0.228191 
23 93 0.0972498 
23 94 0.271187 
23 95 0.780878 
23 96 0.462031 
23 97 0.500614 
23 98 0.314548 
23 99 0.533298 
