3 0 0.69857 
3 1 0.126837 
3 2 0.345155 
3 3 0.649962 
3 4 0.282891 
3 5 0.473843 
3 6 0.54155 
3 7 0.0723254 
3 8 0.653129 
3 9 0.67971 
3 10 0.0588187 
3 11 0.32365 
3 12 0.0686382 
3 13 0.673752 
3 14 0.67039 
3 15 0.228059 
3 16 0.401383 
3 17 0.449753 
3 18 0.723228 
3 19 0.475172 
3 20 0.330604 
3 21 0.4912 
3 22 0.48324 
3 23 0.662711 
3 24 0.573232 
3 25 0.59356 
3 26 0.591387 
3 27 0.404089 
3 28 0.127209 
3 29 0.692792 
3 30 0.274604 
3 31 0.0852364 
3 32 0.115262 
3 33 0.444295 
3 34 0.274723 
3 35 0.459632 
3 36 0.273919 
3 37 0.595402 
3 38 0.0447269 
3 39 0.0754186 
3 40 0.242216 
3 41 0.137332 
3 42 0.470793 
3 43 0.733935 
3 44 0.450658 
3 45 0.285363 
3 46 0.599346 
3 47 0.332221 
3 48 0.539674 
3 49 0.0776911 
3 50 0.363026 
3 51 0.427247 
3 52 0.490495 
3 53 0.131903 
3 54 0.617747 
3 55 0.430643 
3 56 0.263102 
3 57 0.402952 
3 58 0.719637 
3 59 0.521642 
3 60 0.550897 
3 61 0.757273 
3 62 0.522461 
3 63 0.00720025 
3 64 0.302695 
3 65 0.538961 
3 66 0.70941 
3 67 0.341477 
3 68 0.350479 
3 69 0.646007 
3 70 0.00849474 
3 71 0.135752 
3 72 0.485637 
3 73 0.0976233 
3 74 0.139199 
3 75 0.4979 
3 76 0.529846 
3 77 0.210951 
3 78 0.752416 
3 79 0.637556 
3 80 0.243135 
3 81 0.465966 
3 82 0.288526 
3 83 0.44303 
3 84 0.339049 
3 85 0.657808 
3 86 0.262068 
3 87 0.524549 
3 88 0.453162 
3 89 0.381246 
3 90 0.0582805 
3 91 0.321324 
3 92 0.247069 
3 93 0.160049 
3 94 0.380403 
3 95 0.364093 
3 96 0.191799 
3 97 0.152223 
3 98 0.767877 
3 99 0.450532 
