72 0 0.705605 
72 1 0.359052 
72 2 0.278644 
72 3 0.351312 
72 4 0.0478889 
72 5 0.00216831 
72 6 0.657054 
72 7 0.012289 
72 8 0.613266 
72 9 0.605169 
72 10 0.685054 
72 11 0.0885161 
72 12 0.117653 
72 13 0.481841 
72 14 0.723982 
72 15 0.233879 
72 16 0.362315 
72 17 0.617763 
72 18 0.760544 
72 19 0.557235 
72 20 0.328106 
72 21 0.461312 
72 22 0.717799 
72 23 0.00992991 
72 24 0.163246 
72 25 0.575878 
72 26 0.515332 
72 27 0.728938 
72 28 0.472856 
72 29 0.712451 
72 30 0.228656 
72 31 0.587641 
72 32 0.538234 
72 33 0.187859 
72 34 0.322325 
72 35 0.69077 
72 36 0.312631 
72 37 0.452229 
72 38 0.0502285 
72 39 0.665475 
72 40 0.256206 
72 41 0.171971 
72 42 0.0654947 
72 43 0.746459 
72 44 0.0345943 
72 45 0.387981 
72 46 0.768334 
72 47 0.217626 
72 48 0.486914 
72 49 0.678597 
72 50 0.615642 
72 51 0.668396 
72 52 0.701568 
72 53 0.64368 
72 54 0.0915679 
72 55 0.176577 
72 56 0.254877 
72 57 0.359714 
72 58 0.433098 
72 59 0.633738 
72 60 0.366751 
72 61 0.325981 
72 62 0.779639 
72 63 0.0698985 
72 64 0.592089 
72 65 0.755679 
72 66 0.660688 
72 67 0.785512 
72 68 0.466004 
72 69 0.651326 
72 70 0.668045 
72 71 0.381668 
72 72 0.59877 
72 73 0.410411 
72 74 0.155895 
72 75 0.228222 
72 76 0.128564 
72 77 0.620286 
72 78 0.536998 
72 79 0.155585 
72 80 0.469424 
72 81 0.196352 
72 82 0.192951 
72 83 0.574059 
72 84 0.224034 
72 85 0.299516 
72 86 0.302647 
72 87 0.103913 
72 88 0.0380684 
72 89 0.195848 
72 90 0.408161 
72 91 0.67655 
72 92 0.659242 
72 93 0.373378 
72 94 0.597863 
72 95 0.541697 
72 96 0.455202 
72 97 0.560371 
72 98 0.455923 
72 99 0.452288 
