94 0 0.161009 
94 1 0.576659 
94 2 0.291101 
94 3 0.0781413 
94 4 0.0503904 
94 5 0.179102 
94 6 0.629838 
94 7 0.227387 
94 8 0.353134 
94 9 0.145338 
94 10 0.510165 
94 11 0.479941 
94 12 0.25616 
94 13 0.575009 
94 14 0.186071 
94 15 0.683933 
94 16 0.0652675 
94 17 0.181531 
94 18 0.440032 
94 19 0.407295 
94 20 0.577529 
94 21 0.662618 
94 22 0.242154 
94 23 0.243128 
94 24 0.359517 
94 25 0.0682015 
94 26 0.604744 
94 27 0.311214 
94 28 0.283194 
94 29 0.0309304 
94 30 0.429183 
94 31 0.335699 
94 32 0.409158 
94 33 0.482125 
94 34 0.186886 
94 35 0.540669 
94 36 0.5281 
94 37 0.483559 
94 38 0.187541 
94 39 0.749433 
94 40 0.495772 
94 41 0.144693 
94 42 0.622228 
94 43 0.264289 
94 44 0.120494 
94 45 0.253151 
94 46 0.0592363 
94 47 0.14764 
94 48 0.776626 
94 49 0.136138 
94 50 0.237265 
94 51 0.776518 
94 52 0.63506 
94 53 0.595855 
94 54 0.725496 
94 55 0.315719 
94 56 0.372992 
94 57 0.618414 
94 58 0.742733 
94 59 0.154895 
94 60 0.390279 
94 61 0.622584 
94 62 0.285757 
94 63 0.247892 
94 64 0.561962 
94 65 0.750369 
94 66 0.680062 
94 67 0.107742 
94 68 0.085328 
94 69 0.585603 
94 70 0.375173 
94 71 0.388533 
94 72 0.682251 
94 73 0.556554 
94 74 0.393582 
94 75 0.0425287 
94 76 0.565689 
94 77 0.046242 
94 78 0.179964 
94 79 0.150598 
94 80 0.738776 
94 81 0.231205 
94 82 0.41979 
94 83 0.144127 
94 84 0.359564 
94 85 0.590914 
94 86 0.685679 
94 87 0.264106 
94 88 0.0266037 
94 89 0.298723 
94 90 0.691481 
94 91 0.285235 
94 92 0.0151535 
94 93 0.475624 
94 94 0.555798 
94 95 0.237087 
94 96 0.11517 
94 97 0.574929 
94 98 0.516193 
94 99 0.762046 
