32 0 0.32816 
32 1 0.567893 
32 2 0.31753 
32 3 0.219359 
32 4 0.349722 
32 5 0.800227 
32 6 0.0900774 
32 7 0.393071 
32 8 0.684433 
32 9 0.392437 
32 10 0.499042 
32 11 0.771642 
32 12 0.261925 
32 13 0.653386 
32 14 0.520895 
32 15 0.230305 
32 16 0.182143 
32 17 0.64636 
32 18 0.0162526 
32 19 0.700347 
32 20 0.0516773 
32 21 0.283368 
32 22 0.190718 
32 23 0.107681 
32 24 0.308834 
32 25 0.149324 
32 26 0.751196 
32 27 0.793977 
32 28 0.700776 
32 29 0.746556 
32 30 0.401351 
32 31 0.0540033 
32 32 0.204885 
32 33 0.520923 
32 34 0.648246 
32 35 0.0908666 
32 36 0.0178241 
32 37 0.194777 
32 38 0.720229 
32 39 0.387809 
32 40 0.122814 
32 41 0.374664 
32 42 0.297899 
32 43 0.313475 
32 44 0.0239633 
32 45 0.611373 
32 46 0.188504 
32 47 0.775128 
32 48 0.679571 
32 49 0.742642 
32 50 0.0123125 
32 51 0.566815 
32 52 0.426851 
32 53 0.558443 
32 54 0.554864 
32 55 0.411532 
32 56 0.553652 
32 57 0.635447 
32 58 0.677443 
32 59 0.32222 
32 60 0.0938199 
32 61 0.0682119 
32 62 0.614239 
32 63 0.581711 
32 64 0.653519 
32 65 0.223047 
32 66 0.324668 
32 67 0.567384 
32 68 0.793046 
32 69 0.240122 
32 70 0.210419 
32 71 0.678806 
32 72 0.526985 
32 73 0.297652 
32 74 0.539703 
32 75 0.394933 
32 76 0.640354 
32 77 0.511097 
32 78 0.615068 
32 79 0.100384 
32 80 0.544961 
32 81 0.0751799 
32 82 0.0695453 
32 83 0.66655 
32 84 0.727769 
32 85 0.375922 
32 86 0.175025 
32 87 0.718652 
32 88 0.314091 
32 89 0.404301 
32 90 0.219756 
32 91 0.73093 
32 92 0.12414 
32 93 0.714686 
32 94 0.261471 
32 95 0.630376 
32 96 0.163367 
32 97 0.342188 
32 98 0.766459 
32 99 0.111991 
