11 0 0.506345 
11 1 0.684311 
11 2 0.190826 
11 3 0.0319669 
11 4 0.250705 
11 5 0.0970039 
11 6 0.138211 
11 7 0.513434 
11 8 0.313229 
11 9 0.122331 
11 10 0.702108 
11 11 0.488701 
11 12 0.792584 
11 13 0.577825 
11 14 0.361492 
11 15 0.652315 
11 16 0.192788 
11 17 0.440398 
11 18 0.0462733 
11 19 0.0544203 
11 20 0.155691 
11 21 0.171578 
11 22 0.0111306 
11 23 0.475645 
11 24 0.554156 
11 25 0.493363 
11 26 0.505231 
11 27 0.51274 
11 28 0.54482 
11 29 0.156505 
11 30 0.349274 
11 31 0.690216 
11 32 0.235208 
11 33 0.128557 
11 34 0.356675 
11 35 0.572087 
11 36 0.787934 
11 37 0.171554 
11 38 0.526654 
11 39 0.683017 
11 40 0.469258 
11 41 0.465024 
11 42 0.105967 
11 43 0.713434 
11 44 0.759552 
11 45 0.320353 
11 46 0.0226894 
11 47 0.751691 
11 48 0.195893 
11 49 0.531596 
11 50 0.695278 
11 51 0.310147 
11 52 0.398946 
11 53 0.0570055 
11 54 0.201827 
11 55 0.0611926 
11 56 0.0617229 
11 57 0.514492 
11 58 0.513241 
11 59 0.691181 
11 60 0.52611 
11 61 0.757463 
11 62 0.444207 
11 63 0.450848 
11 64 0.0074087 
11 65 0.776156 
11 66 0.256806 
11 67 0.620214 
11 68 0.33313 
11 69 0.457519 
11 70 0.48213 
11 71 0.0622964 
11 72 0.579963 
11 73 0.52042 
11 74 0.713118 
11 75 0.0151886 
11 76 0.325223 
11 77 0.0665318 
11 78 0.0818178 
11 79 0.111236 
11 80 0.401725 
11 81 0.593461 
11 82 0.649278 
11 83 0.471926 
11 84 0.0341384 
11 85 0.562707 
11 86 0.600849 
11 87 0.603803 
11 88 0.333878 
11 89 0.00792415 
11 90 0.00372361 
11 91 0.341309 
11 92 0.492415 
11 93 0.353508 
11 94 0.460653 
11 95 0.0537978 
11 96 0.798973 
11 97 0.77453 
11 98 0.0968304 
11 99 0.242211 
