37 0 0.146946 
37 1 0.689929 
37 2 0.493795 
37 3 0.295419 
37 4 0.760429 
37 5 0.452346 
37 6 0.0305147 
37 7 0.751104 
37 8 0.651759 
37 9 0.367601 
37 10 0.56261 
37 11 0.675782 
37 12 0.65132 
37 13 0.783843 
37 14 0.721554 
37 15 0.481187 
37 16 0.218361 
37 17 0.107057 
37 18 0.729716 
37 19 0.531883 
37 20 0.033645 
37 21 0.296716 
37 22 0.26415 
37 23 0.162918 
37 24 0.609939 
37 25 0.680681 
37 26 0.260902 
37 27 0.363611 
37 28 0.625957 
37 29 0.614025 
37 30 0.678461 
37 31 0.715328 
37 32 0.572127 
37 33 0.743226 
37 34 0.182059 
37 35 0.11636 
37 36 0.542188 
37 37 0.678379 
37 38 0.213941 
37 39 0.720169 
37 40 0.400076 
37 41 0.295633 
37 42 0.062108 
37 43 0.109925 
37 44 0.586929 
37 45 0.385576 
37 46 0.506791 
37 47 0.378024 
37 48 0.526922 
37 49 0.0383657 
37 50 0.785716 
37 51 0.585321 
37 52 0.717525 
37 53 0.521034 
37 54 0.113105 
37 55 0.653188 
37 56 0.577935 
37 57 0.236433 
37 58 0.506104 
37 59 0.268261 
37 60 0.144737 
37 61 0.342212 
37 62 0.479987 
37 63 0.16822 
37 64 0.151819 
37 65 0.746813 
37 66 0.565486 
37 67 0.437043 
37 68 0.343098 
37 69 0.741267 
37 70 0.158078 
37 71 0.383687 
37 72 0.498302 
37 73 0.622396 
37 74 0.010251 
37 75 0.671262 
37 76 0.571724 
37 77 0.64391 
37 78 0.0781628 
37 79 0.641616 
37 80 0.474636 
37 81 0.23048 
37 82 0.155334 
37 83 0.620705 
37 84 0.274871 
37 85 0.494527 
37 86 0.118102 
37 87 0.680038 
37 88 0.0157717 
37 89 0.408288 
37 90 0.0783175 
37 91 0.349923 
37 92 0.202177 
37 93 0.0621874 
37 94 0.663522 
37 95 0.0594344 
37 96 0.13304 
37 97 0.312522 
37 98 0.0435806 
37 99 0.306647 
