60 0 0.453077 
60 1 0.524525 
60 2 0.484227 
60 3 0.375892 
60 4 0.64654 
60 5 0.702464 
60 6 0.213253 
60 7 0.450951 
60 8 0.278196 
60 9 0.634064 
60 10 0.511217 
60 11 0.764368 
60 12 0.500397 
60 13 0.794485 
60 14 0.742045 
60 15 0.54976 
60 16 0.688654 
60 17 0.314397 
60 18 0.752512 
60 19 0.640788 
60 20 0.306393 
60 21 0.442434 
60 22 0.2556 
60 23 0.521381 
60 24 0.26296 
60 25 0.723713 
60 26 0.423634 
60 27 0.482453 
60 28 0.0235784 
60 29 0.00762431 
60 30 0.615524 
60 31 0.565337 
60 32 0.13552 
60 33 0.774365 
60 34 0.249842 
60 35 0.172306 
60 36 0.484881 
60 37 0.524973 
60 38 0.172694 
60 39 0.141884 
60 40 0.554015 
60 41 0.45951 
60 42 0.762645 
60 43 0.678043 
60 44 0.261601 
60 45 0.666204 
60 46 0.538758 
60 47 0.402026 
60 48 0.289295 
60 49 0.424685 
60 50 0.110221 
60 51 0.796797 
60 52 0.272442 
60 53 0.283954 
60 54 0.629049 
60 55 0.0173537 
60 56 0.373603 
60 57 0.247496 
60 58 0.379731 
60 59 0.637463 
60 60 0.489668 
60 61 0.294999 
60 62 0.764301 
60 63 0.520539 
60 64 0.779066 
60 65 0.698794 
60 66 0.452361 
60 67 0.766838 
60 68 0.452379 
60 69 0.730006 
60 70 0.640205 
60 71 0.701209 
60 72 0.144683 
60 73 0.385231 
60 74 0.21564 
60 75 0.347027 
60 76 0.421328 
60 77 0.695094 
60 78 0.37034 
60 79 0.677181 
60 80 0.584829 
60 81 0.145651 
60 82 0.51955 
60 83 0.315092 
60 84 0.691891 
60 85 0.764037 
60 86 0.0595451 
60 87 0.1518 
60 88 0.291852 
60 89 0.0355957 
60 90 0.779192 
60 91 0.589855 
60 92 0.0123838 
60 93 0.0103832 
60 94 0.0203044 
60 95 0.237887 
60 96 0.152635 
60 97 0.685398 
60 98 0.478837 
60 99 0.142436 
