74 0 0.205564 
74 1 0.419617 
74 2 0.400258 
74 3 0.255633 
74 4 0.18519 
74 5 0.342623 
74 6 0.693625 
74 7 0.557938 
74 8 0.0807135 
74 9 0.501986 
74 10 0.692325 
74 11 0.471272 
74 12 0.553337 
74 13 0.505069 
74 14 0.209552 
74 15 0.607645 
74 16 0.117352 
74 17 0.499754 
74 18 0.594366 
74 19 0.190559 
74 20 0.648518 
74 21 0.466631 
74 22 0.24846 
74 23 0.233 
74 24 0.0568931 
74 25 0.394673 
74 26 0.115301 
74 27 0.251657 
74 28 0.125802 
74 29 0.672774 
74 30 0.146201 
74 31 0.211965 
74 32 0.356688 
74 33 0.494464 
74 34 0.399032 
74 35 0.534397 
74 36 0.258806 
74 37 0.360886 
74 38 0.265336 
74 39 0.0238122 
74 40 0.272442 
74 41 0.408619 
74 42 0.628754 
74 43 0.019355 
74 44 0.338742 
74 45 0.327077 
74 46 0.17605 
74 47 0.566746 
74 48 0.306434 
74 49 0.627435 
74 50 0.0728568 
74 51 0.733557 
74 52 0.0481238 
74 53 0.240241 
74 54 0.411944 
74 55 0.744944 
74 56 0.63269 
74 57 0.273726 
74 58 0.0922333 
74 59 0.00545958 
74 60 0.557127 
74 61 0.768743 
74 62 0.102079 
74 63 0.258313 
74 64 0.40017 
74 65 0.0808027 
74 66 0.336183 
74 67 0.322884 
74 68 0.216835 
74 69 0.407576 
74 70 0.69327 
74 71 0.283843 
74 72 0.553018 
74 73 0.48741 
74 74 0.099883 
74 75 0.397256 
74 76 0.535525 
74 77 0.167602 
74 78 0.200182 
74 79 0.274229 
74 80 0.0556107 
74 81 0.588389 
74 82 0.649122 
74 83 0.0572139 
74 84 0.250281 
74 85 0.373173 
74 86 0.229583 
74 87 0.427898 
74 88 0.497251 
74 89 0.566097 
74 90 0.518353 
74 91 0.176211 
74 92 0.208594 
74 93 0.120308 
74 94 0.749812 
74 95 0.801871 
74 96 0.716351 
74 97 0.477164 
74 98 0.128661 
74 99 0.551181 
