81 0 0.553147 
81 1 0.262836 
81 2 0.0751431 
81 3 0.391058 
81 4 0.590551 
81 5 0.132602 
81 6 0.188356 
81 7 0.657351 
81 8 0.787747 
81 9 0.328038 
81 10 0.0103723 
81 11 0.277666 
81 12 0.669614 
81 13 0.128918 
81 14 0.685758 
81 15 0.32726 
81 16 0.559929 
81 17 0.0144842 
81 18 0.509584 
81 19 0.358445 
81 20 0.204216 
81 21 0.0977932 
81 22 0.718945 
81 23 0.30062 
81 24 0.291494 
81 25 0.0779446 
81 26 0.15109 
81 27 0.777224 
81 28 0.129122 
81 29 0.319188 
81 30 0.145866 
81 31 0.453683 
81 32 0.752538 
81 33 0.373962 
81 34 0.190007 
81 35 0.796131 
81 36 0.626924 
81 37 0.560975 
81 38 0.154325 
81 39 0.593874 
81 40 0.319929 
81 41 0.551728 
81 42 0.788469 
81 43 0.19206 
81 44 0.659388 
81 45 0.190983 
81 46 0.547754 
81 47 0.509098 
81 48 0.201622 
81 49 0.514635 
81 50 0.651935 
81 51 0.254217 
81 52 0.520304 
81 53 0.156522 
81 54 0.342565 
81 55 0.448102 
81 56 0.460657 
81 57 0.301628 
81 58 0.446426 
81 59 0.468544 
81 60 0.56321 
81 61 0.595372 
81 62 0.599748 
81 63 0.0134422 
81 64 0.536768 
81 65 0.22979 
81 66 0.5078 
81 67 0.612698 
81 68 0.32399 
81 69 0.0169646 
81 70 0.0741592 
81 71 0.0807932 
81 72 0.522645 
81 73 0.6172 
81 74 0.0378034 
81 75 0.206273 
81 76 0.0662081 
81 77 0.611764 
81 78 0.571312 
81 79 0.190083 
81 80 0.0396308 
81 81 0.436918 
81 82 0.629856 
81 83 0.0388355 
81 84 0.382247 
81 85 0.522076 
81 86 0.654335 
81 87 0.745658 
81 88 0.578262 
81 89 0.272633 
81 90 0.139565 
81 91 0.328721 
81 92 0.193557 
81 93 0.451901 
81 94 0.395907 
81 95 0.34822 
81 96 0.547803 
81 97 0.0224428 
81 98 0.0549682 
81 99 0.728362 
