21 0 0.793659 
21 1 0.205707 
21 2 0.653405 
21 3 0.790574 
21 4 0.734564 
21 5 0.117365 
21 6 0.145041 
21 7 0.728816 
21 8 0.776428 
21 9 0.0745113 
21 10 0.797277 
21 11 0.443963 
21 12 0.0445691 
21 13 0.0200393 
21 14 0.606371 
21 15 0.164338 
21 16 0.0251346 
21 17 0.517559 
21 18 0.047821 
21 19 0.492651 
21 20 0.717321 
21 21 0.398659 
21 22 0.196791 
21 23 0.121468 
21 24 0.106743 
21 25 0.456942 
21 26 0.701362 
21 27 0.687286 
21 28 0.746098 
21 29 0.789028 
21 30 0.644727 
21 31 0.462876 
21 32 0.643284 
21 33 0.36276 
21 34 0.0175993 
21 35 0.290284 
21 36 0.598958 
21 37 0.0354717 
21 38 0.0384615 
21 39 0.737063 
21 40 0.260155 
21 41 0.0771839 
21 42 0.218098 
21 43 0.455043 
21 44 0.605525 
21 45 0.003202 
21 46 0.341296 
21 47 0.541338 
21 48 0.773755 
21 49 0.605697 
21 50 0.251732 
21 51 0.243627 
21 52 0.591224 
21 53 0.137258 
21 54 0.0106746 
21 55 0.724636 
21 56 0.0198759 
21 57 0.267731 
21 58 0.400422 
21 59 0.0677001 
21 60 0.332943 
21 61 0.755208 
21 62 0.653815 
21 63 0.411723 
21 64 0.183991 
21 65 0.77846 
21 66 0.357689 
21 67 0.154604 
21 68 0.520678 
21 69 0.0228217 
21 70 0.315815 
21 71 0.311611 
21 72 0.196471 
21 73 0.430561 
21 74 0.331491 
21 75 0.546608 
21 76 0.6392 
21 77 0.797368 
21 78 0.629347 
21 79 0.0649392 
21 80 0.0458711 
21 81 0.271735 
21 82 0.47913 
21 83 0.589054 
21 84 0.458961 
21 85 0.0763623 
21 86 0.677614 
21 87 0.0979086 
21 88 0.517962 
21 89 0.194845 
21 90 0.680969 
21 91 0.318372 
21 92 0.0164437 
21 93 0.585254 
21 94 0.0651636 
21 95 0.0423279 
21 96 0.680411 
21 97 0.494567 
21 98 0.147763 
21 99 0.439055 
