6 0 0.592422 
6 1 0.0736098 
6 2 0.253543 
6 3 0.735022 
6 4 0.235045 
6 5 0.0316229 
6 6 0.750588 
6 7 0.26616 
6 8 0.268104 
6 9 0.287499 
6 10 0.0422678 
6 11 0.0204447 
6 12 0.0597108 
6 13 0.531642 
6 14 0.545178 
6 15 0.447885 
6 16 0.317682 
6 17 0.0624361 
6 18 0.450905 
6 19 0.142856 
6 20 0.0208771 
6 21 0.731033 
6 22 0.268963 
6 23 0.0522545 
6 24 0.09535 
6 25 0.433985 
6 26 0.593267 
6 27 0.695824 
6 28 0.0457023 
6 29 0.694712 
6 30 0.765726 
6 31 0.664119 
6 32 0.400561 
6 33 0.539442 
6 34 0.600207 
6 35 0.59799 
6 36 0.482162 
6 37 0.0548306 
6 38 0.0884084 
6 39 0.738831 
6 40 0.689094 
6 41 0.0663143 
6 42 0.588883 
6 43 0.569411 
6 44 0.74663 
6 45 0.433056 
6 46 0.29368 
6 47 0.387484 
6 48 0.125757 
6 49 0.750477 
6 50 0.784252 
6 51 0.295631 
6 52 0.707811 
6 53 0.437118 
6 54 0.294165 
6 55 0.205184 
6 56 0.684148 
6 57 0.588547 
6 58 0.589132 
6 59 0.382873 
6 60 0.0289336 
6 61 0.244968 
6 62 0.661576 
6 63 0.527093 
6 64 0.0932756 
6 65 0.473065 
6 66 0.526674 
6 67 0.681105 
6 68 0.462768 
6 69 0.194574 
6 70 0.0235747 
6 71 0.104168 
6 72 0.0654853 
6 73 0.362538 
6 74 0.00239628 
6 75 0.332625 
6 76 0.293294 
6 77 0.365272 
6 78 0.454337 
6 79 0.366673 
6 80 0.0332558 
6 81 0.69654 
6 82 0.521473 
6 83 0.266309 
6 84 0.316605 
6 85 0.454477 
6 86 0.0740965 
6 87 0.560742 
6 88 0.127357 
6 89 0.757534 
6 90 0.304831 
6 91 0.699009 
6 92 0.328833 
6 93 0.124213 
6 94 0.402848 
6 95 0.70433 
6 96 0.32233 
6 97 0.611286 
6 98 0.232099 
6 99 0.694637 
