83 0 0.0991006 
83 1 0.325127 
83 2 0.558491 
83 3 0.422525 
83 4 0.693403 
83 5 0.388043 
83 6 0.148679 
83 7 0.0615629 
83 8 0.439863 
83 9 0.297961 
83 10 0.392458 
83 11 0.64668 
83 12 0.344022 
83 13 0.0588181 
83 14 0.584318 
83 15 0.538632 
83 16 0.259708 
83 17 0.669418 
83 18 0.335672 
83 19 0.568204 
83 20 0.61455 
83 21 0.423201 
83 22 0.128411 
83 23 0.566235 
83 24 0.322952 
83 25 0.127711 
83 26 0.254574 
83 27 0.167671 
83 28 0.23679 
83 29 0.117478 
83 30 0.0347798 
83 31 0.70497 
83 32 0.586664 
83 33 0.244608 
83 34 0.38251 
83 35 0.603404 
83 36 0.0570222 
83 37 0.756636 
83 38 0.797326 
83 39 0.42636 
83 40 0.486436 
83 41 0.637802 
83 42 0.505957 
83 43 0.400818 
83 44 0.12707 
83 45 0.256775 
83 46 0.494192 
83 47 0.674699 
83 48 0.325287 
83 49 0.500121 
83 50 0.108643 
83 51 0.442948 
83 52 0.4997 
83 53 0.564727 
83 54 0.779217 
83 55 0.497628 
83 56 0.278368 
83 57 0.0517488 
83 58 0.180431 
83 59 0.154146 
83 60 0.00940296 
83 61 0.583126 
83 62 0.22356 
83 63 0.241347 
83 64 0.549372 
83 65 0.711632 
83 66 0.801915 
83 67 0.380791 
83 68 0.288773 
83 69 0.214246 
83 70 0.021922 
83 71 0.409735 
83 72 0.2313 
83 73 0.128844 
83 74 0.758848 
83 75 0.390391 
83 76 0.146157 
83 77 0.366799 
83 78 0.148943 
83 79 0.074473 
83 80 0.588317 
83 81 0.494493 
83 82 0.78497 
83 83 0.423183 
83 84 0.175336 
83 85 0.221934 
83 86 0.0716085 
83 87 0.340562 
83 88 0.549885 
83 89 0.1897 
83 90 0.616742 
83 91 0.267169 
83 92 0.482436 
83 93 0.40532 
83 94 0.437758 
83 95 0.789369 
83 96 0.362159 
83 97 0.267414 
83 98 0.0241006 
83 99 0.599692 
