14 0 0.00513063 
14 1 0.518042 
14 2 0.136198 
14 3 0.419122 
14 4 0.704676 
14 5 0.289205 
14 6 0.61452 
14 7 0.31641 
14 8 0.775947 
14 9 0.643196 
14 10 0.153643 
14 11 0.225873 
14 12 0.523467 
14 13 0.332445 
14 14 0.13974 
14 15 0.759581 
14 16 0.476718 
14 17 0.698599 
14 18 0.207755 
14 19 0.439922 
14 20 0.602557 
14 21 0.304626 
14 22 0.52412 
14 23 0.0268712 
14 24 0.774829 
14 25 0.730933 
14 26 0.783862 
14 27 0.716283 
14 28 0.769494 
14 29 0.666349 
14 30 0.661584 
14 31 0.0091933 
14 32 0.796717 
14 33 0.581915 
14 34 0.490523 
14 35 0.0138106 
14 36 0.580043 
14 37 0.379332 
14 38 0.508467 
14 39 0.258755 
14 40 0.650523 
14 41 0.610604 
14 42 0.478829 
14 43 0.306897 
14 44 0.753934 
14 45 0.398066 
14 46 0.40022 
14 47 0.797504 
14 48 0.720058 
14 49 0.604001 
14 50 0.426187 
14 51 0.110526 
14 52 0.407469 
14 53 0.147434 
14 54 0.716764 
14 55 0.105454 
14 56 0.714514 
14 57 0.703069 
14 58 0.757881 
14 59 0.739052 
14 60 0.263202 
14 61 0.591935 
14 62 0.760538 
14 63 0.459805 
14 64 0.0578513 
14 65 0.545635 
14 66 0.290491 
14 67 0.672723 
14 68 0.455063 
14 69 0.460214 
14 70 0.16518 
14 71 0.426473 
14 72 0.762643 
14 73 0.752852 
14 74 0.0518844 
14 75 0.255561 
14 76 0.356091 
14 77 0.229113 
14 78 0.631381 
14 79 0.768507 
14 80 0.576527 
14 81 0.0413146 
14 82 0.657393 
14 83 0.383302 
14 84 0.629149 
14 85 0.597198 
14 86 0.643482 
14 87 0.760387 
14 88 0.211131 
14 89 0.0419963 
14 90 0.695628 
14 91 0.368023 
14 92 0.612214 
14 93 0.692037 
14 94 0.160209 
14 95 0.405654 
14 96 0.341033 
14 97 0.0108948 
14 98 0.566767 
14 99 0.256376 
