36 0 0.407694 
36 1 0.671565 
36 2 0.00764093 
36 3 0.522449 
36 4 0.315216 
36 5 0.168418 
36 6 0.416256 
36 7 0.0848302 
36 8 0.795604 
36 9 0.490663 
36 10 0.475669 
36 11 0.344515 
36 12 0.752474 
36 13 0.0933095 
36 14 0.535356 
36 15 0.0609298 
36 16 0.520876 
36 17 0.150478 
36 18 0.459978 
36 19 0.6809 
36 20 0.267797 
36 21 0.537426 
36 22 0.358238 
36 23 0.505657 
36 24 0.536792 
36 25 0.600077 
36 26 0.766382 
36 27 0.481068 
36 28 0.344823 
36 29 0.255471 
36 30 0.574651 
36 31 0.491695 
36 32 0.763997 
36 33 0.262922 
36 34 0.543488 
36 35 0.297235 
36 36 0.0622022 
36 37 0.04093 
36 38 0.302655 
36 39 0.641889 
36 40 0.198375 
36 41 0.358406 
36 42 0.583513 
36 43 0.478604 
36 44 0.0537924 
36 45 0.338407 
36 46 0.061664 
36 47 0.543278 
36 48 0.640047 
36 49 0.456857 
36 50 0.203481 
36 51 0.381445 
36 52 0.461861 
36 53 0.652075 
36 54 0.285774 
36 55 0.172744 
36 56 0.635005 
36 57 0.461741 
36 58 0.0633902 
36 59 0.584108 
36 60 0.112699 
36 61 0.550734 
36 62 0.536092 
36 63 0.401998 
36 64 0.387882 
36 65 0.441746 
36 66 0.117316 
36 67 0.151329 
36 68 0.413187 
36 69 0.759475 
36 70 0.761111 
36 71 0.0677348 
36 72 0.73844 
36 73 0.501354 
36 74 0.0773272 
36 75 0.683676 
36 76 0.446967 
36 77 0.45616 
36 78 0.0362133 
36 79 0.178204 
36 80 0.408707 
36 81 0.766734 
36 82 0.397406 
36 83 0.135658 
36 84 0.381445 
36 85 0.395712 
36 86 0.455753 
36 87 0.513459 
36 88 0.0291269 
36 89 0.0541029 
36 90 0.703157 
36 91 0.529348 
36 92 0.373986 
36 93 0.431023 
36 94 0.163913 
36 95 0.472429 
36 96 0.546187 
36 97 0.5072 
36 98 0.612018 
36 99 0.700139 
