26 0 0.0814767 
26 1 0.512695 
26 2 0.363114 
26 3 0.146537 
26 4 0.122105 
26 5 0.698035 
26 6 0.733856 
26 7 0.749104 
26 8 0.278862 
26 9 0.206752 
26 10 0.00375338 
26 11 0.502176 
26 12 0.550032 
26 13 0.667547 
26 14 0.554375 
26 15 0.447995 
26 16 0.0760927 
26 17 0.706569 
26 18 0.204438 
26 19 0.748798 
26 20 0.481112 
26 21 0.657635 
26 22 0.763233 
26 23 0.208184 
26 24 0.299363 
26 25 0.467222 
26 26 0.412286 
26 27 0.562558 
26 28 0.602763 
26 29 0.521601 
26 30 0.416353 
26 31 0.320038 
26 32 0.624264 
26 33 0.675984 
26 34 0.109902 
26 35 0.633426 
26 36 0.725899 
26 37 0.0627914 
26 38 0.520223 
26 39 0.594335 
26 40 0.191135 
26 41 0.714374 
26 42 0.582012 
26 43 0.260423 
26 44 0.586783 
26 45 0.612959 
26 46 0.770889 
26 47 0.040071 
26 48 0.189519 
26 49 0.793651 
26 50 0.453604 
26 51 0.365007 
26 52 0.261833 
26 53 0.204346 
26 54 0.606904 
26 55 0.128273 
26 56 0.079842 
26 57 0.570449 
26 58 0.733248 
26 59 0.29487 
26 60 0.435564 
26 61 0.192556 
26 62 0.331345 
26 63 0.278688 
26 64 0.0388563 
26 65 0.680422 
26 66 0.133268 
26 67 0.703155 
26 68 0.678102 
26 69 0.492369 
26 70 0.782157 
26 71 0.713993 
26 72 0.568099 
26 73 0.302759 
26 74 0.530902 
26 75 0.348247 
26 76 0.263698 
26 77 0.145712 
26 78 0.779823 
26 79 0.561785 
26 80 0.176606 
26 81 0.794418 
26 82 0.568586 
26 83 0.2693 
26 84 0.167122 
26 85 0.799587 
26 86 0.601893 
26 87 0.698033 
26 88 0.480545 
26 89 0.171147 
26 90 0.291973 
26 91 0.745061 
26 92 0.790092 
26 93 0.766298 
26 94 0.724867 
26 95 0.275816 
26 96 0.589575 
26 97 0.441792 
26 98 0.778746 
26 99 0.367492 
