59 0 0.696945 
59 1 0.533379 
59 2 0.617447 
59 3 0.601773 
59 4 0.490951 
59 5 0.724886 
59 6 0.472212 
59 7 0.225085 
59 8 0.171909 
59 9 0.22728 
59 10 0.598379 
59 11 0.272083 
59 12 0.744782 
59 13 0.267092 
59 14 0.228359 
59 15 0.653589 
59 16 0.114676 
59 17 0.55359 
59 18 0.692383 
59 19 0.669323 
59 20 0.768706 
59 21 0.251011 
59 22 0.200945 
59 23 0.673042 
59 24 0.250204 
59 25 0.223779 
59 26 0.753339 
59 27 0.468954 
59 28 0.12136 
59 29 0.511214 
59 30 0.27231 
59 31 0.564176 
59 32 0.346609 
59 33 0.538776 
59 34 0.466691 
59 35 0.536186 
59 36 0.76943 
59 37 0.337274 
59 38 0.222153 
59 39 0.379334 
59 40 0.589287 
59 41 0.424884 
59 42 0.182877 
59 43 0.329038 
59 44 0.0449504 
59 45 0.117714 
59 46 0.646446 
59 47 0.019235 
59 48 0.433051 
59 49 0.700087 
59 50 0.385141 
59 51 0.424884 
59 52 0.691993 
59 53 0.283763 
59 54 0.661585 
59 55 0.210037 
59 56 0.311536 
59 57 0.79171 
59 58 0.362101 
59 59 0.66654 
59 60 0.568442 
59 61 0.0814914 
59 62 0.0461282 
59 63 0.677636 
59 64 0.67888 
59 65 0.737893 
59 66 0.647073 
59 67 0.205479 
59 68 0.0769041 
59 69 0.575795 
59 70 0.296905 
59 71 0.510949 
59 72 0.22879 
59 73 0.431056 
59 74 0.511106 
59 75 0.466797 
59 76 0.70553 
59 77 0.560935 
59 78 0.451483 
59 79 0.339887 
59 80 0.744547 
59 81 0.0242272 
59 82 0.507097 
59 83 0.632784 
59 84 0.0622982 
59 85 0.187118 
59 86 0.102161 
59 87 0.0830582 
59 88 0.120402 
59 89 0.578024 
59 90 0.695666 
59 91 0.716373 
59 92 0.177334 
59 93 0.344934 
59 94 0.241973 
59 95 0.353892 
59 96 0.747438 
59 97 0.193754 
59 98 0.165262 
59 99 0.75711 
