35 0 0.772316 
35 1 0.34115 
35 2 0.503791 
35 3 0.258381 
35 4 0.422937 
35 5 0.332737 
35 6 0.539847 
35 7 0.12595 
35 8 0.780861 
35 9 0.3527 
35 10 0.288734 
35 11 0.264945 
35 12 0.432992 
35 13 0.358433 
35 14 0.551179 
35 15 0.0891151 
35 16 0.679797 
35 17 0.0684091 
35 18 0.434537 
35 19 0.0536592 
35 20 0.667177 
35 21 0.128234 
35 22 0.117015 
35 23 0.352438 
35 24 0.61648 
35 25 0.21327 
35 26 0.0166643 
35 27 0.29559 
35 28 0.165897 
35 29 0.781563 
35 30 0.770403 
35 31 0.433 
35 32 0.370633 
35 33 0.225256 
35 34 0.680729 
35 35 0.48778 
35 36 0.0415281 
35 37 0.734442 
35 38 0.446898 
35 39 0.470243 
35 40 0.236713 
35 41 0.591684 
35 42 0.0661396 
35 43 0.215291 
35 44 0.104764 
35 45 0.0426271 
35 46 0.467267 
35 47 0.426446 
35 48 0.499381 
35 49 0.676515 
35 50 0.0791791 
35 51 0.390358 
35 52 0.412841 
35 53 0.678633 
35 54 0.347817 
35 55 0.613613 
35 56 0.651634 
35 57 0.712644 
35 58 0.428993 
35 59 0.403266 
35 60 0.390042 
35 61 0.0466953 
35 62 0.429591 
35 63 0.575595 
35 64 0.299203 
35 65 0.120063 
35 66 0.329711 
35 67 0.762733 
35 68 0.745916 
35 69 0.0739936 
35 70 0.343238 
35 71 0.165395 
35 72 0.0473268 
35 73 0.720143 
35 74 0.421868 
35 75 0.343041 
35 76 0.363614 
35 77 0.528551 
35 78 0.556031 
35 79 0.402669 
35 80 0.103605 
35 81 0.798767 
35 82 0.707855 
35 83 0.590778 
35 84 0.59103 
35 85 0.384566 
35 86 0.250342 
35 87 0.416315 
35 88 0.44896 
35 89 0.452898 
35 90 0.166619 
35 91 0.598276 
35 92 0.159453 
35 93 0.770789 
35 94 0.6467 
35 95 0.752647 
35 96 0.484393 
35 97 0.319742 
35 98 0.699724 
35 99 0.329603 
