67 0 0.688061 
67 1 0.354903 
67 2 0.755157 
67 3 0.503287 
67 4 0.67221 
67 5 0.535742 
67 6 0.547123 
67 7 0.412939 
67 8 0.776102 
67 9 0.385456 
67 10 0.44993 
67 11 0.753448 
67 12 0.584844 
67 13 0.3932 
67 14 0.553725 
67 15 0.065881 
67 16 0.409975 
67 17 0.568202 
67 18 0.301434 
67 19 0.669004 
67 20 0.249129 
67 21 0.2216 
67 22 0.57894 
67 23 0.201478 
67 24 0.607735 
67 25 0.177272 
67 26 0.214361 
67 27 0.096995 
67 28 0.77696 
67 29 0.731482 
67 30 0.519118 
67 31 0.406565 
67 32 0.737322 
67 33 0.661841 
67 34 0.554888 
67 35 0.111162 
67 36 0.573904 
67 37 0.677083 
67 38 0.23742 
67 39 0.591299 
67 40 0.71998 
67 41 0.224542 
67 42 0.483242 
67 43 0.464169 
67 44 0.438774 
67 45 0.667182 
67 46 0.20422 
67 47 0.0185959 
67 48 0.378778 
67 49 0.746762 
67 50 0.667989 
67 51 0.53825 
67 52 0.325669 
67 53 0.221258 
67 54 0.440924 
67 55 0.367459 
67 56 0.281449 
67 57 0.459765 
67 58 0.149773 
67 59 0.023781 
67 60 0.0701758 
67 61 0.308133 
67 62 0.699764 
67 63 0.101411 
67 64 0.186053 
67 65 0.0743776 
67 66 0.350773 
67 67 0.657899 
67 68 0.146654 
67 69 0.367855 
67 70 0.435815 
67 71 0.118441 
67 72 0.633056 
67 73 0.557738 
67 74 0.545854 
67 75 0.641487 
67 76 0.561525 
67 77 0.668251 
67 78 0.189989 
67 79 0.622065 
67 80 0.577275 
67 81 0.749597 
67 82 0.658495 
67 83 0.362564 
67 84 0.464535 
67 85 0.619563 
67 86 0.0149073 
67 87 0.781058 
67 88 0.606829 
67 89 0.0238812 
67 90 0.0688566 
67 91 0.487685 
67 92 0.185324 
67 93 0.0237767 
67 94 0.00824706 
67 95 0.364322 
67 96 0.0203406 
67 97 0.0982286 
67 98 0.0163107 
67 99 0.428641 
