61 0 0.799903 
61 1 0.779711 
61 2 0.393583 
61 3 0.746289 
61 4 0.487609 
61 5 0.53653 
61 6 0.179944 
61 7 0.656442 
61 8 0.575101 
61 9 0.373624 
61 10 0.350969 
61 11 0.437375 
61 12 0.0267935 
61 13 0.539624 
61 14 0.605373 
61 15 0.099847 
61 16 0.497632 
61 17 0.598532 
61 18 0.338158 
61 19 0.362755 
61 20 0.285493 
61 21 0.651968 
61 22 0.441155 
61 23 0.0980408 
61 24 0.295499 
61 25 0.520769 
61 26 0.111832 
61 27 0.561237 
61 28 0.243651 
61 29 0.717524 
61 30 0.0726878 
61 31 0.33243 
61 32 0.363613 
61 33 0.265815 
61 34 0.29582 
61 35 0.609524 
61 36 0.515231 
61 37 0.6287 
61 38 0.213755 
61 39 0.429229 
61 40 0.107073 
61 41 0.230974 
61 42 0.0288716 
61 43 0.233888 
61 44 0.00762704 
61 45 0.487942 
61 46 0.43799 
61 47 0.082271 
61 48 0.342409 
61 49 0.126293 
61 50 0.206608 
61 51 0.180097 
61 52 0.703452 
61 53 0.464825 
61 54 0.313363 
61 55 0.379173 
61 56 0.339682 
61 57 0.469165 
61 58 0.413262 
61 59 0.0359942 
61 60 0.764094 
61 61 0.355014 
61 62 0.390737 
61 63 0.530248 
61 64 0.0369607 
61 65 0.415402 
61 66 0.252633 
61 67 0.599478 
61 68 0.614995 
61 69 0.533178 
61 70 0.788085 
61 71 0.727026 
61 72 0.770967 
61 73 0.349618 
61 74 0.800409 
61 75 0.027214 
61 76 0.178284 
61 77 0.309438 
61 78 0.137833 
61 79 0.0515061 
61 80 0.200142 
61 81 0.279876 
61 82 0.383755 
61 83 0.448979 
61 84 0.637825 
61 85 0.71155 
61 86 0.614698 
61 87 0.672201 
61 88 0.760182 
61 89 0.463874 
61 90 0.295394 
61 91 0.51516 
61 92 0.785788 
61 93 0.6083 
61 94 0.55932 
61 95 0.789018 
61 96 0.237657 
61 97 0.458362 
61 98 0.50344 
61 99 0.179851 
