58 0 0.411056 
58 1 0.726422 
58 2 0.182477 
58 3 0.491598 
58 4 0.0334304 
58 5 0.0258563 
58 6 0.523213 
58 7 0.0596324 
58 8 0.608105 
58 9 0.666663 
58 10 0.729103 
58 11 0.50251 
58 12 0.718912 
58 13 0.00437128 
58 14 0.739331 
58 15 0.568123 
58 16 0.663924 
58 17 0.217721 
58 18 0.406527 
58 19 0.38864 
58 20 0.496724 
58 21 0.467394 
58 22 0.148655 
58 23 0.721835 
58 24 0.296513 
58 25 0.267482 
58 26 0.369642 
58 27 0.79836 
58 28 0.650802 
58 29 0.740238 
58 30 0.202499 
58 31 0.43825 
58 32 0.639158 
58 33 0.206541 
58 34 0.238226 
58 35 0.73393 
58 36 0.0211582 
58 37 0.428677 
58 38 0.32671 
58 39 0.169361 
58 40 0.136366 
58 41 0.700553 
58 42 0.529265 
58 43 0.51959 
58 44 0.429645 
58 45 0.463304 
58 46 0.501662 
58 47 0.0147543 
58 48 0.110862 
58 49 0.161192 
58 50 0.567021 
58 51 0.0726638 
58 52 0.285351 
58 53 0.0943956 
58 54 0.762454 
58 55 0.479652 
58 56 0.409162 
58 57 0.226072 
58 58 0.688113 
58 59 0.686842 
58 60 0.743521 
58 61 0.723972 
58 62 0.399461 
58 63 0.13191 
58 64 0.490126 
58 65 0.678572 
58 66 0.265953 
58 67 0.430787 
58 68 0.212517 
58 69 0.0956968 
58 70 0.568862 
58 71 0.797256 
58 72 0.770023 
58 73 0.546534 
58 74 0.411221 
58 75 0.302959 
58 76 0.19026 
58 77 0.498765 
58 78 0.0952326 
58 79 0.744559 
58 80 0.550292 
58 81 0.73682 
58 82 0.389679 
58 83 0.363435 
58 84 0.485627 
58 85 0.155862 
58 86 0.502109 
58 87 0.560317 
58 88 0.588711 
58 89 0.213802 
58 90 0.636131 
58 91 0.710156 
58 92 0.46889 
58 93 0.444793 
58 94 0.552665 
58 95 0.573063 
58 96 0.555858 
58 97 0.508538 
58 98 0.279148 
58 99 0.167901 
