17 0 0.286184 
17 1 0.32149 
17 2 0.626029 
17 3 0.4391 
17 4 0.449224 
17 5 0.14908 
17 6 0.611405 
17 7 0.727759 
17 8 0.0619968 
17 9 0.704406 
17 10 0.688953 
17 11 0.0289506 
17 12 0.325789 
17 13 0.26347 
17 14 0.130009 
17 15 0.405572 
17 16 0.114701 
17 17 0.139822 
17 18 0.446422 
17 19 0.508666 
17 20 0.660658 
17 21 0.478973 
17 22 0.0988919 
17 23 0.667842 
17 24 0.324232 
17 25 0.630321 
17 26 0.307984 
17 27 0.0737088 
17 28 0.289851 
17 29 0.635985 
17 30 0.0213723 
17 31 0.495624 
17 32 0.472651 
17 33 0.709432 
17 34 0.601497 
17 35 0.406203 
17 36 0.425753 
17 37 0.55626 
17 38 0.101425 
17 39 0.0712426 
17 40 0.797372 
17 41 0.716655 
17 42 0.271374 
17 43 0.151707 
17 44 0.391068 
17 45 0.439691 
17 46 0.692706 
17 47 0.328517 
17 48 0.397824 
17 49 0.233603 
17 50 0.376889 
17 51 0.0777534 
17 52 0.403608 
17 53 0.153611 
17 54 0.72468 
17 55 0.29336 
17 56 0.728818 
17 57 0.150203 
17 58 0.541911 
17 59 0.311509 
17 60 0.316083 
17 61 0.74638 
17 62 0.0525166 
17 63 0.212268 
17 64 0.257172 
17 65 0.607968 
17 66 0.307745 
17 67 0.744119 
17 68 0.763334 
17 69 0.774995 
17 70 0.703358 
17 71 0.110864 
17 72 0.563268 
17 73 0.536284 
17 74 0.755234 
17 75 0.54649 
17 76 0.137367 
17 77 0.254642 
17 78 0.267603 
17 79 0.462135 
17 80 0.0759472 
17 81 0.754823 
17 82 0.701263 
17 83 0.394811 
17 84 0.581257 
17 85 0.0153781 
17 86 0.380227 
17 87 0.221286 
17 88 0.108765 
17 89 0.26387 
17 90 0.485115 
17 91 0.0786634 
17 92 0.0446216 
17 93 0.148995 
17 94 0.791282 
17 95 0.330292 
17 96 0.0985746 
17 97 0.785564 
17 98 0.307822 
17 99 0.327516 
