80 0 0.0757223 
80 1 0.342242 
80 2 0.211393 
80 3 0.619284 
80 4 0.690858 
80 5 0.732864 
80 6 0.753042 
80 7 0.705504 
80 8 0.401155 
80 9 0.100248 
80 10 0.224299 
80 11 0.50272 
80 12 0.448314 
80 13 0.323598 
80 14 0.179746 
80 15 0.178508 
80 16 0.048222 
80 17 0.682673 
80 18 0.00476278 
80 19 0.519778 
80 20 0.439075 
80 21 0.511155 
80 22 0.0364878 
80 23 0.772651 
80 24 0.0727443 
80 25 0.595426 
80 26 0.571098 
80 27 0.135708 
80 28 0.381893 
80 29 0.24321 
80 30 0.68067 
80 31 0.699221 
80 32 0.181334 
80 33 0.662692 
80 34 0.456965 
80 35 0.414904 
80 36 0.0799486 
80 37 0.121341 
80 38 0.180526 
80 39 0.410602 
80 40 0.347067 
80 41 0.561355 
80 42 0.659741 
80 43 0.209459 
80 44 0.785102 
80 45 0.680919 
80 46 0.363096 
80 47 0.395628 
80 48 0.144731 
80 49 0.414112 
80 50 0.476538 
80 51 0.277914 
80 52 0.0406479 
80 53 0.691767 
80 54 0.65476 
80 55 0.0168999 
80 56 0.73071 
80 57 0.305183 
80 58 0.50561 
80 59 0.466499 
80 60 0.790153 
80 61 0.0194769 
80 62 0.741 
80 63 0.39145 
80 64 0.174449 
80 65 0.686264 
80 66 0.543995 
80 67 0.150235 
80 68 0.439658 
80 69 0.141846 
80 70 0.696301 
80 71 0.696257 
80 72 0.0365401 
80 73 0.103967 
80 74 0.345447 
80 75 0.453673 
80 76 0.151315 
80 77 0.296156 
80 78 0.158117 
80 79 0.629718 
80 80 0.449841 
80 81 0.549533 
80 82 0.611569 
80 83 0.590612 
80 84 0.768675 
80 85 0.732027 
80 86 0.595096 
80 87 0.746054 
80 88 0.712361 
80 89 0.281186 
80 90 0.0477727 
80 91 0.775319 
80 92 0.238398 
80 93 0.126549 
80 94 0.305791 
80 95 0.540519 
80 96 0.383539 
80 97 0.145473 
80 98 0.499247 
80 99 0.712936 
