27 0 0.189271 
27 1 0.259681 
27 2 0.545847 
27 3 0.336208 
27 4 0.42233 
27 5 0.693637 
27 6 0.775471 
27 7 0.748299 
27 8 0.24753 
27 9 0.690627 
27 10 0.46761 
27 11 0.324261 
27 12 0.108369 
27 13 0.208521 
27 14 0.224031 
27 15 0.449391 
27 16 0.531467 
27 17 0.32971 
27 18 0.0627833 
27 19 0.279617 
27 20 0.539946 
27 21 0.251981 
27 22 0.0974264 
27 23 0.684159 
27 24 0.0671166 
27 25 0.0702941 
27 26 0.768987 
27 27 0.434852 
27 28 0.547621 
27 29 0.208383 
27 30 0.0852586 
27 31 0.297932 
27 32 0.557904 
27 33 0.589963 
27 34 0.0175699 
27 35 0.205888 
27 36 0.454622 
27 37 0.197082 
27 38 0.316567 
27 39 0.523761 
27 40 0.600686 
27 41 0.0679218 
27 42 0.0249274 
27 43 0.741767 
27 44 0.35939 
27 45 0.189251 
27 46 0.474362 
27 47 0.795592 
27 48 0.312169 
27 49 0.45794 
27 50 0.103094 
27 51 0.39029 
27 52 0.553402 
27 53 0.28963 
27 54 0.259438 
27 55 0.399874 
27 56 0.173295 
27 57 0.331819 
27 58 0.49559 
27 59 0.354099 
27 60 0.166129 
27 61 0.74902 
27 62 0.671903 
27 63 0.421355 
27 64 0.150213 
27 65 0.184918 
27 66 0.0250759 
27 67 0.646053 
27 68 0.452477 
27 69 0.605672 
27 70 0.762105 
27 71 0.494795 
27 72 0.529435 
27 73 0.525792 
27 74 0.387216 
27 75 0.627804 
27 76 0.246458 
27 77 0.337519 
27 78 0.357621 
27 79 0.76398 
27 80 0.113253 
27 81 0.45791 
27 82 0.225869 
27 83 0.0255355 
27 84 0.454724 
27 85 0.531457 
27 86 0.72081 
27 87 0.695531 
27 88 0.187968 
27 89 0.405976 
27 90 0.735177 
27 91 0.442035 
27 92 0.419414 
27 93 0.304429 
27 94 0.169573 
27 95 0.0181679 
27 96 0.639815 
27 97 0.341587 
27 98 0.292924 
27 99 0.111091 
