30 0 0.442182 
30 1 0.459437 
30 2 0.12404 
30 3 0.287104 
30 4 0.686979 
30 5 0.513781 
30 6 0.362277 
30 7 0.285022 
30 8 0.0541218 
30 9 0.395777 
30 10 0.790767 
30 11 0.522913 
30 12 0.203723 
30 13 0.719092 
30 14 0.0098878 
30 15 0.530657 
30 16 0.557128 
30 17 0.717738 
30 18 0.545347 
30 19 0.0113696 
30 20 0.405172 
30 21 0.331202 
30 22 0.270595 
30 23 0.34195 
30 24 0.0864353 
30 25 0.0535692 
30 26 0.235524 
30 27 0.475685 
30 28 0.653203 
30 29 0.315368 
30 30 0.027935 
30 31 0.591509 
30 32 0.721677 
30 33 0.284546 
30 34 0.140173 
30 35 0.660448 
30 36 0.757979 
30 37 0.713381 
30 38 0.638595 
30 39 0.766453 
30 40 0.33718 
30 41 0.494279 
30 42 0.556105 
30 43 0.777194 
30 44 0.329828 
30 45 0.538926 
30 46 0.633978 
30 47 0.546721 
30 48 0.480082 
30 49 0.382943 
30 50 0.173209 
30 51 0.735707 
30 52 0.268939 
30 53 0.476605 
30 54 0.513532 
30 55 0.234443 
30 56 0.516548 
30 57 0.649439 
30 58 0.632981 
30 59 0.578356 
30 60 0.201301 
30 61 0.608994 
30 62 0.0549057 
30 63 0.254694 
30 64 0.297047 
30 65 0.535698 
30 66 0.687626 
30 67 0.0541739 
30 68 0.20924 
30 69 0.305802 
30 70 0.728578 
30 71 0.0660452 
30 72 0.71833 
30 73 0.579652 
30 74 0.439258 
30 75 0.51693 
30 76 0.497708 
30 77 0.799353 
30 78 0.571587 
30 79 0.490923 
30 80 0.649117 
30 81 0.685806 
30 82 0.430106 
30 83 0.268899 
30 84 0.522984 
30 85 0.401142 
30 86 0.190003 
30 87 0.611334 
30 88 0.212099 
30 89 0.568099 
30 90 0.715951 
30 91 0.526321 
30 92 0.115305 
30 93 0.633555 
30 94 0.320505 
30 95 0.0896838 
30 96 0.668612 
30 97 0.37244 
30 98 0.11974 
30 99 0.24554 
