24 0 0.153942 
24 1 0.65469 
24 2 0.444371 
24 3 0.430242 
24 4 0.18508 
24 5 0.608096 
24 6 0.253861 
24 7 0.576767 
24 8 0.152743 
24 9 0.364511 
24 10 0.520109 
24 11 0.546338 
24 12 0.366238 
24 13 0.452854 
24 14 0.794932 
24 15 0.706547 
24 16 0.262517 
24 17 0.184011 
24 18 0.103628 
24 19 0.788466 
24 20 0.152097 
24 21 0.184281 
24 22 0.545178 
24 23 0.48777 
24 24 0.541194 
24 25 0.056275 
24 26 0.419376 
24 27 0.0804854 
24 28 0.726818 
24 29 0.615437 
24 30 0.600051 
24 31 0.218677 
24 32 0.0228661 
24 33 0.665502 
24 34 0.370006 
24 35 0.307185 
24 36 0.487067 
24 37 0.484831 
24 38 0.254738 
24 39 0.0413536 
24 40 0.434019 
24 41 0.661199 
24 42 0.212426 
24 43 0.666594 
24 44 0.648507 
24 45 0.40677 
24 46 0.125612 
24 47 0.563809 
24 48 0.579374 
24 49 0.0414561 
24 50 0.649591 
24 51 0.240239 
24 52 0.382981 
24 53 0.0980109 
24 54 0.684055 
24 55 0.104992 
24 56 0.0329991 
24 57 0.671273 
24 58 0.714778 
24 59 0.505318 
24 60 0.340697 
24 61 0.257126 
24 62 0.453478 
24 63 0.618134 
24 64 0.778061 
24 65 0.0879942 
24 66 0.506075 
24 67 0.433726 
24 68 0.190911 
24 69 0.603944 
24 70 0.275107 
24 71 0.212707 
24 72 0.172482 
24 73 0.0946892 
24 74 0.561591 
24 75 0.292161 
24 76 0.213691 
24 77 0.295208 
24 78 0.762056 
24 79 0.0261486 
24 80 0.432383 
24 81 0.500845 
24 82 0.30197 
24 83 0.545541 
24 84 0.684016 
24 85 0.469428 
24 86 0.504447 
24 87 0.292605 
24 88 0.119886 
24 89 0.418715 
24 90 0.291082 
24 91 0.405023 
24 92 0.158547 
24 93 0.633541 
24 94 0.330225 
24 95 0.19035 
24 96 0.0984477 
24 97 0.118674 
24 98 0.712051 
24 99 0.0825176 
