16 0 0.167577 
16 1 0.210799 
16 2 0.0101639 
16 3 0.201782 
16 4 0.235601 
16 5 0.604254 
16 6 0.419095 
16 7 0.11916 
16 8 0.444349 
16 9 0.674499 
16 10 0.245495 
16 11 0.0982299 
16 12 0.458748 
16 13 0.48964 
16 14 0.638527 
16 15 0.7221 
16 16 0.22052 
16 17 0.376789 
16 18 0.406212 
16 19 0.096033 
16 20 0.687898 
16 21 0.518592 
16 22 0.627722 
16 23 0.749862 
16 24 0.737748 
16 25 0.106394 
16 26 0.346315 
16 27 0.618712 
16 28 0.573229 
16 29 0.423466 
16 30 0.493596 
16 31 0.733573 
16 32 0.30952 
16 33 0.0285658 
16 34 0.251697 
16 35 0.669699 
16 36 0.352482 
16 37 0.380351 
16 38 0.416566 
16 39 0.27144 
16 40 0.167078 
16 41 0.405819 
16 42 0.193192 
16 43 0.700439 
16 44 0.557829 
16 45 0.612408 
16 46 0.330234 
16 47 0.164322 
16 48 0.486793 
16 49 0.495757 
16 50 0.577788 
16 51 0.04054 
16 52 0.29831 
16 53 0.697591 
16 54 0.054006 
16 55 0.668142 
16 56 0.0958002 
16 57 0.664011 
16 58 0.252969 
16 59 0.523403 
16 60 0.507121 
16 61 0.694927 
16 62 0.121936 
16 63 0.0290813 
16 64 0.50048 
16 65 0.292583 
16 66 0.291178 
16 67 0.189229 
16 68 0.762538 
16 69 0.00840196 
16 70 0.439117 
16 71 0.61482 
16 72 0.353998 
16 73 0.480028 
16 74 0.0795278 
16 75 0.240104 
16 76 0.287048 
16 77 0.680091 
16 78 0.748058 
16 79 0.0511977 
16 80 0.519238 
16 81 0.18023 
16 82 0.697328 
16 83 0.00757359 
16 84 0.74842 
16 85 0.434823 
16 86 0.733134 
16 87 0.323865 
16 88 0.795822 
16 89 0.447492 
16 90 0.680874 
16 91 0.4271 
16 92 0.244899 
16 93 0.117195 
16 94 0.757034 
16 95 0.570263 
16 96 0.0361387 
16 97 0.437284 
16 98 0.634855 
16 99 0.51461 
