7 0 0.0997055 
7 1 0.612584 
7 2 0.705873 
7 3 0.738793 
7 4 0.0278177 
7 5 0.171545 
7 6 0.15734 
7 7 0.503623 
7 8 0.267224 
7 9 0.147262 
7 10 0.194331 
7 11 0.686803 
7 12 0.253345 
7 13 0.252177 
7 14 0.0530607 
7 15 0.719772 
7 16 0.380061 
7 17 0.284488 
7 18 0.202388 
7 19 0.486726 
7 20 0.342579 
7 21 0.573911 
7 22 0.365563 
7 23 0.196898 
7 24 0.324361 
7 25 0.669489 
7 26 0.260491 
7 27 0.34261 
7 28 0.651281 
7 29 0.564984 
7 30 0.321152 
7 31 0.121992 
7 32 0.691105 
7 33 0.160664 
7 34 0.676942 
7 35 0.38906 
7 36 0.368052 
7 37 0.29894 
7 38 0.232645 
7 39 0.664281 
7 40 0.74113 
7 41 0.68408 
7 42 0.365445 
7 43 0.407623 
7 44 0.349214 
7 45 0.237192 
7 46 0.211749 
7 47 0.786937 
7 48 0.732344 
7 49 0.164381 
7 50 0.60721 
7 51 0.512789 
7 52 0.777201 
7 53 0.221998 
7 54 0.143995 
7 55 0.674756 
7 56 0.103722 
7 57 0.504156 
7 58 0.152041 
7 59 0.655304 
7 60 0.265587 
7 61 0.330449 
7 62 0.122272 
7 63 0.333501 
7 64 0.476139 
7 65 0.227655 
7 66 0.350909 
7 67 0.454054 
7 68 0.122649 
7 69 0.754032 
7 70 0.288552 
7 71 0.0940594 
7 72 0.28626 
7 73 0.139409 
7 74 0.0690563 
7 75 0.143995 
7 76 0.181832 
7 77 0.0271624 
7 78 0.0024989 
7 79 0.78391 
7 80 0.51878 
7 81 0.152242 
7 82 0.249033 
7 83 0.543836 
7 84 0.670241 
7 85 0.311296 
7 86 0.494357 
7 87 0.280745 
7 88 0.560947 
7 89 0.112587 
7 90 0.748779 
7 91 0.515704 
7 92 0.0408234 
7 93 0.0731707 
7 94 0.506555 
7 95 0.155125 
7 96 0.237771 
7 97 0.759372 
7 98 0.310734 
7 99 0.433334 
