82 0 0.751817 
82 1 0.428563 
82 2 0.0455397 
82 3 0.327992 
82 4 0.693119 
82 5 0.405181 
82 6 0.5974 
82 7 0.00454929 
82 8 0.715929 
82 9 0.382297 
82 10 0.592127 
82 11 0.112503 
82 12 0.276103 
82 13 0.0474181 
82 14 0.389742 
82 15 0.507297 
82 16 0.0927735 
82 17 0.764187 
82 18 0.786399 
82 19 0.254058 
82 20 0.0777083 
82 21 0.123639 
82 22 0.0571513 
82 23 0.617783 
82 24 0.333739 
82 25 0.222105 
82 26 0.613409 
82 27 0.369054 
82 28 0.0705045 
82 29 0.121536 
82 30 0.263673 
82 31 0.749829 
82 32 0.0978788 
82 33 0.738187 
82 34 0.247192 
82 35 0.580805 
82 36 0.710484 
82 37 0.634974 
82 38 0.563247 
82 39 0.138706 
82 40 0.443314 
82 41 0.212847 
82 42 0.352961 
82 43 0.0657603 
82 44 0.345925 
82 45 0.20824 
82 46 0.146228 
82 47 0.533206 
82 48 0.546189 
82 49 0.653862 
82 50 0.621109 
82 51 0.14205 
82 52 0.119085 
82 53 0.311114 
82 54 0.613213 
82 55 0.74283 
82 56 0.267807 
82 57 0.404976 
82 58 0.467322 
82 59 0.130394 
82 60 0.741126 
82 61 0.64624 
82 62 0.785654 
82 63 0.162253 
82 64 0.00764724 
82 65 0.633842 
82 66 0.254266 
82 67 0.289017 
82 68 0.256107 
82 69 0.364329 
82 70 0.389366 
82 71 0.605398 
82 72 0.49678 
82 73 0.534985 
82 74 0.446104 
82 75 0.117946 
82 76 0.0362641 
82 77 0.0158687 
82 78 0.221041 
82 79 0.477003 
82 80 0.431193 
82 81 0.617597 
82 82 0.0213787 
82 83 0.62318 
82 84 0.0757325 
82 85 0.0325446 
82 86 0.732172 
82 87 0.575935 
82 88 0.545671 
82 89 0.741426 
82 90 0.169525 
82 91 0.71323 
82 92 0.561016 
82 93 0.725462 
82 94 0.645117 
82 95 0.238822 
82 96 0.0894017 
82 97 0.313381 
82 98 0.36474 
82 99 0.593575 
