79 0 0.237073 
79 1 0.702973 
79 2 0.773897 
79 3 0.490459 
79 4 0.178947 
79 5 0.132031 
79 6 0.668971 
79 7 0.758084 
79 8 0.308126 
79 9 0.630609 
79 10 0.366019 
79 11 0.634855 
79 12 0.128148 
79 13 0.120834 
79 14 0.257519 
79 15 0.0426352 
79 16 0.46819 
79 17 0.620159 
79 18 0.344622 
79 19 0.0532979 
79 20 0.0149972 
79 21 0.675027 
79 22 0.476688 
79 23 0.342784 
79 24 0.053933 
79 25 0.0496746 
79 26 0.569673 
79 27 0.280029 
79 28 0.446952 
79 29 0.665454 
79 30 0.0416718 
79 31 0.724631 
79 32 0.207302 
79 33 0.365457 
79 34 0.430588 
79 35 0.785619 
79 36 0.0956451 
79 37 0.24576 
79 38 0.671468 
79 39 0.135247 
79 40 0.12695 
79 41 0.371568 
79 42 0.0314573 
79 43 0.55596 
79 44 0.300961 
79 45 0.48195 
79 46 0.663286 
79 47 0.200392 
79 48 0.706076 
79 49 0.509047 
79 50 0.620039 
79 51 0.267252 
79 52 0.0870516 
79 53 0.614444 
79 54 0.35305 
79 55 0.459713 
79 56 0.53549 
79 57 0.431049 
79 58 0.397693 
79 59 0.248939 
79 60 0.301366 
79 61 0.206126 
79 62 0.498437 
79 63 0.617661 
79 64 0.47815 
79 65 0.504677 
79 66 0.147367 
79 67 0.0584699 
79 68 0.704708 
79 69 0.25406 
79 70 0.432528 
79 71 0.214818 
79 72 0.267807 
79 73 0.772979 
79 74 0.210775 
79 75 0.319196 
79 76 0.721299 
79 77 0.115233 
79 78 0.240696 
79 79 0.456846 
79 80 0.434132 
79 81 0.53154 
79 82 0.123844 
79 83 0.168925 
79 84 0.0102682 
79 85 0.355843 
79 86 0.474524 
79 87 0.750591 
79 88 0.622137 
79 89 0.48211 
79 90 0.601308 
79 91 0.750656 
79 92 0.0609807 
79 93 0.383255 
79 94 0.0145051 
79 95 0.238801 
79 96 0.333618 
79 97 0.0751991 
79 98 0.523919 
79 99 0.629791 
