98 0 0.438089 
98 1 0.123489 
98 2 0.282403 
98 3 0.67929 
98 4 0.328441 
98 5 0.0968966 
98 6 0.625011 
98 7 0.287752 
98 8 0.645328 
98 9 0.0700511 
98 10 0.158898 
98 11 0.0842058 
98 12 0.722514 
98 13 0.47925 
98 14 0.506029 
98 15 0.759086 
98 16 0.616925 
98 17 0.752521 
98 18 0.55072 
98 19 0.264704 
98 20 0.760003 
98 21 0.40578 
98 22 0.734952 
98 23 0.0182497 
98 24 0.0207581 
98 25 0.522268 
98 26 0.581098 
98 27 0.206696 
98 28 0.0125243 
98 29 0.708166 
98 30 0.0326505 
98 31 0.309094 
98 32 0.483587 
98 33 0.116432 
98 34 0.570091 
98 35 0.388109 
98 36 0.288498 
98 37 0.523635 
98 38 0.145191 
98 39 0.107874 
98 40 0.177298 
98 41 0.657646 
98 42 0.269463 
98 43 0.195481 
98 44 0.505892 
98 45 0.07448 
98 46 0.128227 
98 47 0.407637 
98 48 0.680205 
98 49 0.738987 
98 50 0.173048 
98 51 0.36577 
98 52 0.102663 
98 53 0.520804 
98 54 0.194156 
98 55 0.0164577 
98 56 0.0981429 
98 57 0.674707 
98 58 0.313441 
98 59 0.646953 
98 60 0.766772 
98 61 0.438885 
98 62 0.439171 
98 63 0.378062 
98 64 0.486846 
98 65 0.740534 
98 66 0.598204 
98 67 0.0852919 
98 68 0.373088 
98 69 0.457702 
98 70 0.145111 
98 71 0.68905 
98 72 0.610373 
98 73 0.386945 
98 74 0.0416846 
98 75 0.714185 
98 76 0.77949 
98 77 0.564401 
98 78 0.139607 
98 79 0.693991 
98 80 0.52342 
98 81 0.743042 
98 82 0.052493 
98 83 0.14178 
98 84 0.716896 
98 85 0.179974 
98 86 0.247744 
98 87 0.750064 
98 88 0.738663 
98 89 0.557133 
98 90 0.143336 
98 91 0.517419 
98 92 0.681326 
98 93 0.628652 
98 94 0.206074 
98 95 0.179126 
98 96 0.41547 
98 97 0.59377 
98 98 0.448593 
98 99 0.080897 
