86 0 0.0191672 
86 1 0.0853757 
86 2 0.421512 
86 3 0.477015 
86 4 0.235487 
86 5 0.00407238 
86 6 0.725091 
86 7 0.291278 
86 8 0.615554 
86 9 0.469803 
86 10 0.183419 
86 11 0.684869 
86 12 0.231176 
86 13 0.582968 
86 14 0.623035 
86 15 0.667654 
86 16 0.524491 
86 17 0.678647 
86 18 0.73015 
86 19 0.28013 
86 20 0.378823 
86 21 0.353137 
86 22 0.783592 
86 23 0.124833 
86 24 0.754193 
86 25 0.00777309 
86 26 0.760567 
86 27 0.265379 
86 28 0.268308 
86 29 0.69248 
86 30 0.69793 
86 31 0.0915336 
86 32 0.517274 
86 33 0.117946 
86 34 0.145949 
86 35 0.208046 
86 36 0.231211 
86 37 0.658944 
86 38 0.079287 
86 39 0.136043 
86 40 0.523965 
86 41 0.0837547 
86 42 0.337383 
86 43 0.117412 
86 44 0.278696 
86 45 0.67959 
86 46 0.736508 
86 47 0.225303 
86 48 0.18942 
86 49 0.237498 
86 50 0.611589 
86 51 0.362183 
86 52 0.521882 
86 53 0.75821 
86 54 0.732027 
86 55 0.0614875 
86 56 0.127345 
86 57 0.157413 
86 58 0.311019 
86 59 0.0524518 
86 60 0.249446 
86 61 0.30667 
86 62 0.123176 
86 63 0.716311 
86 64 0.100851 
86 65 0.768276 
86 66 0.679835 
86 67 0.660326 
86 68 0.268335 
86 69 0.498997 
86 70 0.694149 
86 71 0.0183697 
86 72 0.458061 
86 73 0.231625 
86 74 0.373599 
86 75 0.366939 
86 76 0.326829 
86 77 0.169684 
86 78 0.359984 
86 79 0.270812 
86 80 0.363157 
86 81 0.391375 
86 82 0.161156 
86 83 0.534967 
86 84 0.478527 
86 85 0.203483 
86 86 0.574505 
86 87 0.63377 
86 88 0.126278 
86 89 0.550904 
86 90 0.643037 
86 91 0.636167 
86 92 0.175828 
86 93 0.543808 
86 94 0.718391 
86 95 0.459809 
86 96 0.365974 
86 97 0.459425 
86 98 0.0507661 
86 99 0.57449 
