90 0 0.63977 
90 1 0.509239 
90 2 0.402671 
90 3 0.337637 
90 4 0.630711 
90 5 0.544779 
90 6 0.620493 
90 7 0.321598 
90 8 0.306954 
90 9 0.0419919 
90 10 0.0537218 
90 11 0.00765496 
90 12 0.0217154 
90 13 0.219651 
90 14 0.697942 
90 15 0.0592561 
90 16 0.126608 
90 17 0.00881869 
90 18 0.228922 
90 19 0.11351 
90 20 0.722134 
90 21 0.037553 
90 22 0.260367 
90 23 0.244642 
90 24 0.679198 
90 25 0.197745 
90 26 0.377575 
90 27 0.642796 
90 28 0.749306 
90 29 0.226327 
90 30 0.191322 
90 31 0.610575 
90 32 0.0727473 
90 33 0.531811 
90 34 0.566155 
90 35 0.767702 
90 36 0.801049 
90 37 0.771436 
90 38 0.622322 
90 39 0.590195 
90 40 0.375796 
90 41 0.0679335 
90 42 0.376558 
90 43 0.273601 
90 44 0.574743 
90 45 0.709635 
90 46 0.602215 
90 47 0.147072 
90 48 0.255397 
90 49 0.266069 
90 50 0.486542 
90 51 0.144923 
90 52 0.567616 
90 53 0.664473 
90 54 0.144378 
90 55 0.0460852 
90 56 0.742669 
90 57 0.792833 
90 58 0.340833 
90 59 0.133505 
90 60 0.0561696 
90 61 0.782105 
90 62 0.258383 
90 63 0.381576 
90 64 0.674405 
90 65 0.31357 
90 66 0.509942 
90 67 0.2762 
90 68 0.715199 
90 69 0.705472 
90 70 0.170667 
90 71 0.304819 
90 72 0.785775 
90 73 0.487409 
90 74 0.211471 
90 75 0.335195 
90 76 0.670879 
90 77 0.55613 
90 78 0.392141 
90 79 0.197399 
90 80 0.0696175 
90 81 0.221538 
90 82 0.420197 
90 83 0.796176 
90 84 0.0701851 
90 85 0.353504 
90 86 0.516007 
90 87 0.559877 
90 88 0.64629 
90 89 0.741212 
90 90 0.334494 
90 91 0.32991 
90 92 0.48465 
90 93 0.153655 
90 94 0.0405456 
90 95 0.187316 
90 96 0.08141 
90 97 0.224241 
90 98 0.677175 
90 99 0.00516626 
