95 0 0.744947 
95 1 0.726638 
95 2 0.642219 
95 3 0.513382 
95 4 0.158438 
95 5 0.0344174 
95 6 0.185049 
95 7 0.631945 
95 8 0.331122 
95 9 0.79459 
95 10 0.214706 
95 11 0.0652277 
95 12 0.55065 
95 13 0.418028 
95 14 0.793726 
95 15 0.547074 
95 16 0.321216 
95 17 0.532256 
95 18 0.461394 
95 19 0.789799 
95 20 0.651927 
95 21 0.266861 
95 22 0.173782 
95 23 0.115239 
95 24 0.607864 
95 25 0.772847 
95 26 0.68373 
95 27 0.116796 
95 28 0.665692 
95 29 0.259854 
95 30 0.105637 
95 31 0.255254 
95 32 0.216939 
95 33 0.341533 
95 34 0.33305 
95 35 0.162583 
95 36 0.553503 
95 37 0.171679 
95 38 0.0964043 
95 39 0.370304 
95 40 0.265033 
95 41 0.393281 
95 42 0.195797 
95 43 0.446699 
95 44 0.715233 
95 45 0.43291 
95 46 0.490252 
95 47 0.476427 
95 48 0.743258 
95 49 0.564677 
95 50 0.691356 
95 51 0.33976 
95 52 0.567127 
95 53 0.187755 
95 54 0.0135331 
95 55 0.744907 
95 56 0.692769 
95 57 0.487073 
95 58 0.0368033 
95 59 0.411475 
95 60 0.794678 
95 61 0.38168 
95 62 0.245434 
95 63 0.00642313 
95 64 0.633655 
95 65 0.024293 
95 66 0.226841 
95 67 0.769067 
95 68 0.603282 
95 69 0.11617 
95 70 0.164755 
95 71 0.647033 
95 72 0.728376 
95 73 0.471501 
95 74 0.0895968 
95 75 0.526041 
95 76 0.492936 
95 77 0.614649 
95 78 0.417598 
95 79 0.121947 
95 80 0.635912 
95 81 0.126686 
95 82 0.190721 
95 83 0.604481 
95 84 0.0541557 
95 85 0.756441 
95 86 0.710319 
95 87 0.435767 
95 88 0.338095 
95 89 0.490771 
95 90 0.690388 
95 91 0.644159 
95 92 0.731626 
95 93 0.728095 
95 94 0.442401 
95 95 0.00485099 
95 96 0.0648935 
95 97 0.519361 
95 98 0.676995 
95 99 0.125297 
