78 0 0.578414 
78 1 0.723788 
78 2 0.614322 
78 3 0.00942586 
78 4 0.646803 
78 5 0.498266 
78 6 0.200827 
78 7 0.578695 
78 8 0.186144 
78 9 0.283388 
78 10 0.374132 
78 11 0.34399 
78 12 0.188874 
78 13 0.274984 
78 14 0.460733 
78 15 0.626773 
78 16 0.631655 
78 17 0.49913 
78 18 0.35395 
78 19 0.596492 
78 20 0.244011 
78 21 0.679255 
78 22 0.633318 
78 23 0.60388 
78 24 0.638689 
78 25 0.667705 
78 26 0.150607 
78 27 0.623154 
78 28 0.555353 
78 29 0.791951 
78 30 0.00940575 
78 31 0.223872 
78 32 0.29768 
78 33 0.299329 
78 34 0.713537 
78 35 0.395668 
78 36 0.401581 
78 37 0.0227131 
78 38 0.607951 
78 39 0.217725 
78 40 0.325936 
78 41 0.205676 
78 42 0.043223 
78 43 0.388274 
78 44 0.334663 
78 45 0.618389 
78 46 0.24105 
78 47 0.57509 
78 48 0.800042 
78 49 0.736476 
78 50 0.164781 
78 51 0.23166 
78 52 0.249996 
78 53 0.474498 
78 54 0.668526 
78 55 0.64533 
78 56 0.318659 
78 57 0.316203 
78 58 0.435365 
78 59 0.745816 
78 60 0.328178 
78 61 0.309315 
78 62 0.682588 
78 63 0.295625 
78 64 0.418995 
78 65 0.35417 
78 66 0.396588 
78 67 0.389692 
78 68 0.323472 
78 69 0.57203 
78 70 0.128666 
78 71 0.791981 
78 72 0.290134 
78 73 0.142198 
78 74 0.754759 
78 75 0.31533 
78 76 0.681966 
78 77 0.642808 
78 78 0.538023 
78 79 0.485248 
78 80 0.348578 
78 81 0.352628 
78 82 0.0487373 
78 83 0.169331 
78 84 0.574015 
78 85 0.359653 
78 86 0.658152 
78 87 0.80033 
78 88 0.0705342 
78 89 0.707398 
78 90 0.579629 
78 91 0.382151 
78 92 0.551679 
78 93 0.538116 
78 94 0.0180581 
78 95 0.354717 
78 96 0.0964885 
78 97 0.73108 
78 98 0.241806 
78 99 0.491737 
