65 0 0.217554 
65 1 0.712276 
65 2 0.757876 
65 3 0.148573 
65 4 0.705197 
65 5 0.507255 
65 6 0.345935 
65 7 0.410209 
65 8 0.430506 
65 9 0.593055 
65 10 0.607321 
65 11 0.0107729 
65 12 0.651096 
65 13 0.569175 
65 14 0.199513 
65 15 0.292029 
65 16 0.259974 
65 17 0.458956 
65 18 0.622963 
65 19 0.453539 
65 20 0.660373 
65 21 0.697498 
65 22 0.734967 
65 23 0.107989 
65 24 0.321944 
65 25 0.662689 
65 26 0.304383 
65 27 0.307281 
65 28 0.0578855 
65 29 0.621849 
65 30 0.307701 
65 31 0.233303 
65 32 0.351426 
65 33 0.36992 
65 34 0.226153 
65 35 0.788742 
65 36 0.0578623 
65 37 0.329383 
65 38 0.317313 
65 39 0.185797 
65 40 0.103711 
65 41 0.698526 
65 42 0.0982751 
65 43 0.787107 
65 44 0.68953 
65 45 0.535693 
65 46 0.772559 
65 47 0.489103 
65 48 0.662613 
65 49 0.311922 
65 50 0.500434 
65 51 0.142171 
65 52 0.115962 
65 53 0.105297 
65 54 0.309507 
65 55 0.200627 
65 56 0.794251 
65 57 0.75702 
65 58 0.0560992 
65 59 0.536048 
65 60 0.384591 
65 61 0.605246 
65 62 0.133903 
65 63 0.266746 
65 64 0.155397 
65 65 0.797924 
65 66 0.725179 
65 67 0.174761 
65 68 0.432294 
65 69 0.230431 
65 70 0.314984 
65 71 0.267063 
65 72 0.445341 
65 73 0.695625 
65 74 0.365081 
65 75 0.0159632 
65 76 0.633878 
65 77 0.157832 
65 78 0.392337 
65 79 0.46704 
65 80 0.252667 
65 81 0.743353 
65 82 0.249531 
65 83 0.403813 
65 84 0.680468 
65 85 0.670236 
65 86 0.286444 
65 87 0.726901 
65 88 0.0154056 
65 89 0.121913 
65 90 0.177376 
65 91 0.646241 
65 92 0.451728 
65 93 0.201604 
65 94 0.541074 
65 95 0.15701 
65 96 0.315516 
65 97 0.673932 
65 98 0.638736 
65 99 0.249205 
