1 0 0.752412 
1 1 0.723284 
1 2 0.163696 
1 3 0.316478 
1 4 0.0734457 
1 5 0.513414 
1 6 0.646968 
1 7 0.0522017 
1 8 0.314258 
1 9 0.650914 
1 10 0.782997 
1 11 0.704141 
1 12 0.0675282 
1 13 0.721447 
1 14 0.399113 
1 15 0.221133 
1 16 0.127795 
1 17 0.0568212 
1 18 0.331437 
1 19 0.566276 
1 20 0.0882644 
1 21 0.198683 
1 22 0.162514 
1 23 0.328087 
1 24 0.334421 
1 25 0.677086 
1 26 0.0495549 
1 27 0.0980515 
1 28 0.0329992 
1 29 0.427587 
1 30 0.468055 
1 31 0.319241 
1 32 0.315434 
1 33 0.652338 
1 34 0.518413 
1 35 0.583458 
1 36 0.382773 
1 37 0.109677 
1 38 0.344198 
1 39 0.25887 
1 40 0.065418 
1 41 0.539524 
1 42 0.276951 
1 43 0.0539466 
1 44 0.493767 
1 45 0.428026 
1 46 0.432229 
1 47 0.264183 
1 48 0.0990069 
1 49 0.0232491 
1 50 0.137398 
1 51 0.0926804 
1 52 0.124331 
1 53 0.150588 
1 54 0.146534 
1 55 0.694135 
1 56 0.531109 
1 57 0.748181 
1 58 0.455723 
1 59 0.684634 
1 60 0.787909 
1 61 0.534373 
1 62 0.719459 
1 63 0.267397 
1 64 0.0402718 
1 65 0.322412 
1 66 0.684242 
1 67 0.769962 
1 68 0.199658 
1 69 0.544429 
1 70 0.615214 
1 71 0.295003 
1 72 0.300671 
1 73 0.0364023 
1 74 0.623166 
1 75 0.207946 
1 76 0.642728 
1 77 0.0543271 
1 78 0.283502 
1 79 0.358014 
1 80 0.20133 
1 81 0.137784 
1 82 0.55365 
1 83 0.312424 
1 84 0.718601 
1 85 0.329583 
1 86 0.641532 
1 87 0.134461 
1 88 0.306514 
1 89 0.465881 
1 90 0.155233 
1 91 0.738382 
1 92 0.275415 
1 93 0.626455 
1 94 0.221911 
1 95 0.402629 
1 96 0.274819 
1 97 0.195296 
1 98 0.55385 
1 99 0.437401 
