4 0 0.765533 
4 1 0.752863 
4 2 0.221682 
4 3 0.237705 
4 4 0.526977 
4 5 0.189208 
4 6 0.229814 
4 7 0.727461 
4 8 0.104286 
4 9 0.0620699 
4 10 0.665593 
4 11 0.685188 
4 12 0.10532 
4 13 0.51264 
4 14 0.384955 
4 15 0.506351 
4 16 0.409697 
4 17 0.327841 
4 18 0.593058 
4 19 0.594029 
4 20 0.70257 
4 21 0.528016 
4 22 0.286952 
4 23 0.0250035 
4 24 0.40199 
4 25 0.653867 
4 26 0.0121941 
4 27 0.292479 
4 28 0.0887721 
4 29 0.239353 
4 30 0.73526 
4 31 0.649613 
4 32 0.0264848 
4 33 0.568249 
4 34 0.0648812 
4 35 0.267579 
4 36 0.695299 
4 37 0.567624 
4 38 0.307211 
4 39 0.346029 
4 40 0.378861 
4 41 0.10732 
4 42 0.277107 
4 43 0.578909 
4 44 0.081215 
4 45 0.78366 
4 46 0.421961 
4 47 0.246077 
4 48 0.651242 
4 49 0.323329 
4 50 0.0319665 
4 51 0.744912 
4 52 0.448464 
4 53 0.0735684 
4 54 0.0849607 
4 55 0.00366838 
4 56 0.758552 
4 57 0.259921 
4 58 0.0580862 
4 59 0.402238 
4 60 0.241508 
4 61 0.230621 
4 62 0.00322124 
4 63 0.482475 
4 64 0.148942 
4 65 0.757761 
4 66 0.684078 
4 67 0.699313 
4 68 0.213384 
4 69 0.0397026 
4 70 0.356915 
4 71 0.31132 
4 72 0.779846 
4 73 0.73046 
4 74 0.800229 
4 75 0.753356 
4 76 0.494908 
4 77 0.505676 
4 78 0.151803 
4 79 0.571493 
4 80 0.384765 
4 81 0.772479 
4 82 0.168361 
4 83 0.0423466 
4 84 0.39222 
4 85 0.0818437 
4 86 0.755771 
4 87 0.165482 
4 88 0.10016 
4 89 0.610431 
4 90 0.0224265 
4 91 0.131872 
4 92 0.472346 
4 93 0.0667906 
4 94 0.796338 
4 95 0.748398 
4 96 0.214856 
4 97 0.585597 
4 98 0.343255 
4 99 0.559207 
