76 0 0.272869 
76 1 0.309797 
76 2 0.639122 
76 3 0.119408 
76 4 0.413707 
76 5 0.304365 
76 6 0.284588 
76 7 0.363984 
76 8 0.0333906 
76 9 0.652799 
76 10 0.387339 
76 11 0.523587 
76 12 0.279446 
76 13 0.359199 
76 14 0.121735 
76 15 0.463641 
76 16 0.0513468 
76 17 0.236245 
76 18 0.0700375 
76 19 0.285567 
76 20 0.342807 
76 21 0.391187 
76 22 0.359078 
76 23 0.449889 
76 24 0.474659 
76 25 0.529923 
76 26 0.444267 
76 27 0.0151725 
76 28 0.0230132 
76 29 0.462595 
76 30 0.335278 
76 31 0.412139 
76 32 0.0169862 
76 33 0.530996 
76 34 0.6778 
76 35 0.675754 
76 36 0.18898 
76 37 0.144404 
76 38 0.669061 
76 39 0.394493 
76 40 0.492009 
76 41 0.711443 
76 42 0.33799 
76 43 0.745022 
76 44 0.38373 
76 45 0.244545 
76 46 0.405953 
76 47 0.696071 
76 48 0.759434 
76 49 0.150317 
76 50 0.177001 
76 51 0.233167 
76 52 0.661318 
76 53 0.294173 
76 54 0.635353 
76 55 0.277737 
76 56 0.383774 
76 57 0.482106 
76 58 0.181192 
76 59 0.538892 
76 60 0.733429 
76 61 0.788352 
76 62 0.782952 
76 63 0.189201 
76 64 0.463616 
76 65 0.108975 
76 66 0.084951 
76 67 0.155719 
76 68 0.355653 
76 69 0.665011 
76 70 0.616645 
76 71 0.0956974 
76 72 0.296578 
76 73 0.772804 
76 74 0.339169 
76 75 0.446302 
76 76 0.0257541 
76 77 0.298239 
76 78 0.380696 
76 79 0.725728 
76 80 0.638498 
76 81 0.717973 
76 82 0.0815627 
76 83 0.588681 
76 84 0.378706 
76 85 0.00277355 
76 86 0.476297 
76 87 0.409102 
76 88 0.0213947 
76 89 0.438037 
76 90 0.555016 
76 91 0.222729 
76 92 0.382832 
76 93 0.78833 
76 94 0.497741 
76 95 0.617031 
76 96 0.51441 
76 97 0.559077 
76 98 0.550632 
76 99 0.483691 
