51 0 0.792893 
51 1 0.53459 
51 2 0.590975 
51 3 0.249628 
51 4 0.383605 
51 5 0.168086 
51 6 0.272792 
51 7 0.154244 
51 8 0.23364 
51 9 0.462951 
51 10 0.377427 
51 11 0.319532 
51 12 0.106355 
51 13 0.456628 
51 14 0.22575 
51 15 0.567134 
51 16 0.715014 
51 17 0.0682749 
51 18 0.51305 
51 19 0.154073 
51 20 0.286796 
51 21 0.589771 
51 22 0.119936 
51 23 0.562457 
51 24 0.718313 
51 25 0.610679 
51 26 0.554057 
51 27 0.27769 
51 28 0.387913 
51 29 0.231527 
51 30 0.305174 
51 31 0.664191 
51 32 0.700589 
51 33 0.339423 
51 34 0.761924 
51 35 0.271634 
51 36 0.128111 
51 37 0.00899783 
51 38 0.761866 
51 39 0.414929 
51 40 0.164613 
51 41 0.551885 
51 42 0.00230724 
51 43 0.691413 
51 44 0.80063 
51 45 0.320561 
51 46 0.692754 
51 47 0.044559 
51 48 0.298957 
51 49 0.523159 
51 50 0.150143 
51 51 0.40565 
51 52 0.544933 
51 53 0.133308 
51 54 0.417793 
51 55 0.392445 
51 56 0.109057 
51 57 0.641036 
51 58 0.71776 
51 59 0.763779 
51 60 0.723117 
51 61 0.628534 
51 62 0.138777 
51 63 0.197774 
51 64 0.00831446 
51 65 0.457581 
51 66 0.135811 
51 67 0.768681 
51 68 0.285528 
51 69 0.33706 
51 70 0.0182316 
51 71 0.587772 
51 72 0.41514 
51 73 0.409464 
51 74 0.590695 
51 75 0.600092 
51 76 0.59114 
51 77 0.590705 
51 78 0.181341 
51 79 0.0622344 
51 80 0.595134 
51 81 0.371553 
51 82 0.110179 
51 83 0.0774337 
51 84 0.140198 
51 85 0.0470061 
51 86 0.0774524 
51 87 0.704503 
51 88 0.596405 
51 89 0.565279 
51 90 0.61968 
51 91 0.597454 
51 92 0.646585 
51 93 0.206656 
51 94 0.682974 
51 95 0.0412852 
51 96 0.728 
51 97 0.388333 
51 98 0.0894218 
51 99 0.741846 
