44 0 0.681368 
44 1 0.173557 
44 2 0.712145 
44 3 0.573972 
44 4 0.37922 
44 5 0.194239 
44 6 0.364441 
44 7 0.307019 
44 8 0.172425 
44 9 0.0132731 
44 10 0.359412 
44 11 0.0416579 
44 12 0.63146 
44 13 0.151073 
44 14 0.0970461 
44 15 0.10883 
44 16 0.081831 
44 17 0.224013 
44 18 0.107222 
44 19 0.0355521 
44 20 0.38234 
44 21 0.307355 
44 22 0.252501 
44 23 0.10778 
44 24 0.477285 
44 25 0.760978 
44 26 0.480603 
44 27 0.38753 
44 28 0.676558 
44 29 0.466031 
44 30 0.363724 
44 31 0.316466 
44 32 0.047721 
44 33 0.158582 
44 34 0.403017 
44 35 0.509225 
44 36 0.506762 
44 37 0.791356 
44 38 0.607985 
44 39 0.378692 
44 40 0.544402 
44 41 0.700942 
44 42 0.655788 
44 43 0.423547 
44 44 0.602636 
44 45 0.091029 
44 46 0.403668 
44 47 0.685012 
44 48 0.291568 
44 49 0.21534 
44 50 0.0302955 
44 51 0.0911671 
44 52 0.444465 
44 53 0.11876 
44 54 0.514952 
44 55 0.655253 
44 56 0.0953424 
44 57 0.543956 
44 58 0.199627 
44 59 0.176551 
44 60 0.529845 
44 61 0.668251 
44 62 0.70358 
44 63 0.609854 
44 64 0.336026 
44 65 0.681688 
44 66 0.374745 
44 67 0.35441 
44 68 0.734592 
44 69 0.269263 
44 70 0.690864 
44 71 0.354862 
44 72 0.679883 
44 73 0.352066 
44 74 0.336365 
44 75 0.378739 
44 76 0.7623 
44 77 0.175539 
44 78 0.398091 
44 79 0.357807 
44 80 0.434925 
44 81 0.057179 
44 82 0.754178 
44 83 0.206541 
44 84 0.639109 
44 85 0.484749 
44 86 0.793757 
44 87 0.213784 
44 88 0.751604 
44 89 0.465289 
44 90 0.391338 
44 91 0.60522 
44 92 0.252131 
44 93 0.584763 
44 94 0.476548 
44 95 0.266324 
44 96 0.634827 
44 97 0.127832 
44 98 0.659398 
44 99 0.387613 
