45 0 0.0482685 
45 1 0.271879 
45 2 0.246659 
45 3 0.0493142 
45 4 0.374316 
45 5 0.647136 
45 6 0.25545 
45 7 0.42076 
45 8 0.0137581 
45 9 0.102872 
45 10 0.709242 
45 11 0.570661 
45 12 0.747044 
45 13 0.299258 
45 14 0.166615 
45 15 0.783173 
45 16 0.206356 
45 17 0.369498 
45 18 0.667532 
45 19 0.473858 
45 20 0.783643 
45 21 0.620535 
45 22 0.489345 
45 23 0.300991 
45 24 0.212992 
45 25 0.586227 
45 26 0.0816064 
45 27 0.53322 
45 28 0.415013 
45 29 0.446859 
45 30 0.364266 
45 31 0.534538 
45 32 0.348336 
45 33 0.139881 
45 34 0.769095 
45 35 0.382222 
45 36 0.216392 
45 37 0.483979 
45 38 0.676523 
45 39 0.155274 
45 40 0.213539 
45 41 0.739072 
45 42 0.415794 
45 43 0.0316992 
45 44 0.246402 
45 45 0.138885 
45 46 0.0297461 
45 47 0.569488 
45 48 0.487773 
45 49 0.0703003 
45 50 0.674048 
45 51 0.275211 
45 52 0.14058 
45 53 0.198619 
45 54 0.178951 
45 55 0.406945 
45 56 0.694077 
45 57 0.753489 
45 58 0.44611 
45 59 0.39235 
45 60 0.473125 
45 61 0.148776 
45 62 0.62763 
45 63 0.237509 
45 64 0.105728 
45 65 0.50602 
45 66 0.629704 
45 67 0.323045 
45 68 0.238742 
45 69 0.517115 
45 70 0.154303 
45 71 0.0515998 
45 72 0.798106 
45 73 0.273873 
45 74 0.458197 
45 75 0.0734351 
45 76 0.492278 
45 77 0.371542 
45 78 0.389572 
45 79 0.504933 
45 80 0.769346 
45 81 0.711029 
45 82 0.551319 
45 83 0.0237256 
45 84 0.264111 
45 85 0.0426565 
45 86 0.416951 
45 87 0.0631279 
45 88 0.39719 
45 89 0.745192 
45 90 0.131702 
45 91 0.482331 
45 92 0.69314 
45 93 0.789029 
45 94 0.373939 
45 95 0.427062 
45 96 0.270495 
45 97 0.764623 
45 98 0.531546 
45 99 0.398428 
