89 0 0.0792534 
89 1 0.00321091 
89 2 0.590244 
89 3 0.5691 
89 4 0.49798 
89 5 0.534398 
89 6 0.071291 
89 7 0.303452 
89 8 0.680005 
89 9 0.523741 
89 10 0.400009 
89 11 0.345005 
89 12 0.606747 
89 13 0.357988 
89 14 0.349226 
89 15 0.483313 
89 16 0.322048 
89 17 0.124466 
89 18 0.609787 
89 19 0.334244 
89 20 0.133104 
89 21 0.195563 
89 22 0.6196 
89 23 0.370997 
89 24 0.739641 
89 25 0.48067 
89 26 0.403158 
89 27 0.468601 
89 28 0.570441 
89 29 0.37172 
89 30 0.350461 
89 31 0.511876 
89 32 0.599876 
89 33 0.22516 
89 34 0.164992 
89 35 0.500226 
89 36 0.702417 
89 37 0.471113 
89 38 0.087103 
89 39 0.794955 
89 40 0.515389 
89 41 0.306163 
89 42 0.0463051 
89 43 0.222604 
89 44 0.753727 
89 45 0.0510134 
89 46 0.237566 
89 47 0.425553 
89 48 0.0227144 
89 49 0.469992 
89 50 0.676628 
89 51 0.29543 
89 52 0.556186 
89 53 0.329472 
89 54 0.134966 
89 55 0.217624 
89 56 0.796461 
89 57 0.628522 
89 58 0.174557 
89 59 0.483842 
89 60 0.570243 
89 61 0.556093 
89 62 0.580056 
89 63 0.498718 
89 64 0.286403 
89 65 0.318308 
89 66 0.506391 
89 67 0.114797 
89 68 0.796084 
89 69 0.105631 
89 70 0.0523031 
89 71 0.0816788 
89 72 0.249796 
89 73 0.20303 
89 74 0.514067 
89 75 0.243926 
89 76 0.483832 
89 77 0.100355 
89 78 0.518102 
89 79 0.186042 
89 80 0.627225 
89 81 0.445305 
89 82 0.488102 
89 83 0.671614 
89 84 0.368834 
89 85 0.522472 
89 86 0.12142 
89 87 0.720146 
89 88 0.360666 
89 89 0.117833 
89 90 0.403898 
89 91 0.470699 
89 92 0.469712 
89 93 0.138021 
89 94 0.2809 
89 95 0.734693 
89 96 0.421158 
89 97 0.580146 
89 98 0.76244 
89 99 0.73492 
