71 0 0.376309 
71 1 0.432516 
71 2 0.204618 
71 3 0.456533 
71 4 0.0671586 
71 5 0.282758 
71 6 0.720488 
71 7 0.360701 
71 8 0.540278 
71 9 0.793911 
71 10 0.0937916 
71 11 0.578624 
71 12 0.470336 
71 13 0.366829 
71 14 0.200313 
71 15 0.135625 
71 16 0.388068 
71 17 0.101929 
71 18 0.105439 
71 19 0.37727 
71 20 0.797617 
71 21 0.481412 
71 22 0.236607 
71 23 0.601733 
71 24 0.71664 
71 25 0.29072 
71 26 0.301689 
71 27 0.449478 
71 28 0.0895551 
71 29 0.497349 
71 30 0.206377 
71 31 0.720342 
71 32 0.682419 
71 33 0.794841 
71 34 0.464619 
71 35 0.0649781 
71 36 0.776378 
71 37 0.135039 
71 38 0.574463 
71 39 0.0625961 
71 40 0.0787131 
71 41 0.694208 
71 42 0.555595 
71 43 0.703953 
71 44 0.78205 
71 45 0.58866 
71 46 0.0873522 
71 47 0.0476372 
71 48 0.402043 
71 49 0.0813685 
71 50 0.252659 
71 51 0.612722 
71 52 0.431525 
71 53 0.466556 
71 54 0.667522 
71 55 0.257892 
71 56 0.183984 
71 57 0.508018 
71 58 0.0549453 
71 59 0.0559111 
71 60 0.0367569 
71 61 0.418178 
71 62 0.58299 
71 63 0.189857 
71 64 0.416617 
71 65 0.333037 
71 66 0.690227 
71 67 0.166638 
71 68 0.150001 
71 69 0.0320057 
71 70 0.392085 
71 71 0.746457 
71 72 0.213369 
71 73 0.0169925 
71 74 0.440824 
71 75 0.320005 
71 76 0.0572962 
71 77 0.463973 
71 78 0.290516 
71 79 0.2842 
71 80 0.144941 
71 81 0.71728 
71 82 0.470131 
71 83 0.617276 
71 84 0.680804 
71 85 0.293242 
71 86 0.231 
71 87 0.252464 
71 88 0.614306 
71 89 0.380844 
71 90 0.352597 
71 91 0.155562 
71 92 0.341652 
71 93 0.0774066 
71 94 0.16763 
71 95 0.422798 
71 96 0.342588 
71 97 0.647663 
71 98 0.415774 
71 99 0.294211 
