42 0 0.215879 
42 1 0.231935 
42 2 0.744239 
42 3 0.129579 
42 4 0.00802371 
42 5 0.730506 
42 6 0.129485 
42 7 0.42459 
42 8 0.472077 
42 9 0.179711 
42 10 0.766392 
42 11 0.317361 
42 12 0.355376 
42 13 0.722718 
42 14 0.473013 
42 15 0.658634 
42 16 0.0586313 
42 17 0.465122 
42 18 0.62597 
42 19 0.224053 
42 20 0.477929 
42 21 0.396912 
42 22 0.141053 
42 23 0.438794 
42 24 0.630751 
42 25 0.764214 
42 26 0.0169241 
42 27 0.484569 
42 28 0.00300024 
42 29 0.275288 
42 30 0.550206 
42 31 0.310891 
42 32 0.0183893 
42 33 0.670085 
42 34 0.736804 
42 35 0.355553 
42 36 0.478819 
42 37 0.60973 
42 38 0.598166 
42 39 0.15052 
42 40 0.723843 
42 41 0.175503 
42 42 0.257243 
42 43 0.156891 
42 44 0.524751 
42 45 0.0476016 
42 46 0.304105 
42 47 0.789151 
42 48 0.256257 
42 49 0.339612 
42 50 0.325001 
42 51 0.357586 
42 52 0.150509 
42 53 0.721593 
42 54 0.170438 
42 55 0.498449 
42 56 0.240756 
42 57 0.641483 
42 58 0.161 
42 59 0.107213 
42 60 0.768472 
42 61 0.340582 
42 62 0.370554 
42 63 0.329944 
42 64 0.531261 
42 65 0.232181 
42 66 0.62909 
42 67 0.0457919 
42 68 0.167728 
42 69 0.0827266 
42 70 0.673713 
42 71 0.214257 
42 72 0.620719 
42 73 0.182423 
42 74 0.34553 
42 75 0.688732 
42 76 0.718521 
42 77 0.789662 
42 78 0.778612 
42 79 0.0052168 
42 80 0.322687 
42 81 0.638813 
42 82 0.39881 
42 83 0.0293378 
42 84 0.705389 
42 85 0.0385627 
42 86 0.386086 
42 87 0.271316 
42 88 0.116832 
42 89 0.563783 
42 90 0.203505 
42 91 0.207801 
42 92 0.0913659 
42 93 0.604249 
42 94 0.624013 
42 95 0.12196 
42 96 0.132855 
42 97 0.456279 
42 98 0.0065496 
42 99 0.553489 
