69 0 0.419114 
69 1 0.7473 
69 2 0.508377 
69 3 0.480509 
69 4 0.319517 
69 5 0.323775 
69 6 0.739016 
69 7 0.445177 
69 8 0.549923 
69 9 0.0902892 
69 10 0.652216 
69 11 0.6027 
69 12 0.298781 
69 13 0.17503 
69 14 0.293928 
69 15 0.601891 
69 16 0.679922 
69 17 0.42676 
69 18 0.483308 
69 19 0.618367 
69 20 0.273682 
69 21 0.341417 
69 22 0.250749 
69 23 0.668436 
69 24 0.659899 
69 25 0.347973 
69 26 0.624241 
69 27 0.15092 
69 28 0.531879 
69 29 0.393578 
69 30 0.461829 
69 31 0.361906 
69 32 0.709508 
69 33 0.298097 
69 34 0.364468 
69 35 0.344062 
69 36 0.221113 
69 37 0.438528 
69 38 0.404702 
69 39 0.297347 
69 40 0.0928315 
69 41 0.270164 
69 42 0.422693 
69 43 0.375103 
69 44 0.126799 
69 45 0.310901 
69 46 0.0231195 
69 47 0.761092 
69 48 0.360933 
69 49 0.735114 
69 50 0.151591 
69 51 0.758446 
69 52 0.759211 
69 53 0.771773 
69 54 0.473901 
69 55 0.221031 
69 56 0.299817 
69 57 0.180374 
69 58 0.512839 
69 59 0.38286 
69 60 0.2817 
69 61 0.0339454 
69 62 0.419789 
69 63 0.335432 
69 64 0.509438 
69 65 0.553336 
69 66 0.327629 
69 67 0.229229 
69 68 0.113086 
69 69 0.0169213 
69 70 0.0612461 
69 71 0.768139 
69 72 0.48171 
69 73 0.0797443 
69 74 0.0864328 
69 75 0.523015 
69 76 0.571345 
69 77 0.229949 
69 78 0.673562 
69 79 0.609248 
69 80 0.283493 
69 81 0.0741148 
69 82 0.563382 
69 83 0.16595 
69 84 0.569463 
69 85 0.163198 
69 86 0.441363 
69 87 0.198421 
69 88 0.376008 
69 89 0.232633 
69 90 0.4438 
69 91 0.614136 
69 92 0.358527 
69 93 0.107161 
69 94 0.415942 
69 95 0.589082 
69 96 0.237264 
69 97 0.723208 
69 98 0.215271 
69 99 0.205371 
