39 0 0.161545 
39 1 0.524449 
39 2 0.184125 
39 3 0.589356 
39 4 0.438354 
39 5 0.383508 
39 6 0.463252 
39 7 0.482149 
39 8 0.318895 
39 9 0.514175 
39 10 0.643625 
39 11 0.752484 
39 12 0.652486 
39 13 0.450926 
39 14 0.668999 
39 15 0.31107 
39 16 0.517062 
39 17 0.177401 
39 18 0.617084 
39 19 0.390802 
39 20 0.787856 
39 21 0.539121 
39 22 0.388434 
39 23 0.692794 
39 24 0.186057 
39 25 0.532003 
39 26 0.694828 
39 27 0.643819 
39 28 0.166711 
39 29 0.283645 
39 30 0.170001 
39 31 0.287292 
39 32 0.0182857 
39 33 0.089076 
39 34 0.286552 
39 35 0.279656 
39 36 0.769397 
39 37 0.041422 
39 38 0.245647 
39 39 0.377222 
39 40 0.291842 
39 41 0.0674411 
39 42 0.008041 
39 43 0.334357 
39 44 0.213157 
39 45 0.108689 
39 46 0.286812 
39 47 0.794192 
39 48 0.485003 
39 49 0.651211 
39 50 0.170702 
39 51 0.430814 
39 52 0.172664 
39 53 0.540638 
39 54 0.632764 
39 55 0.344185 
39 56 0.703346 
39 57 0.150778 
39 58 0.375254 
39 59 0.165104 
39 60 0.425908 
39 61 0.674251 
39 62 0.610691 
39 63 0.212448 
39 64 0.369849 
39 65 0.307702 
39 66 0.385145 
39 67 0.360379 
39 68 0.152655 
39 69 0.157592 
39 70 0.386289 
39 71 0.66964 
39 72 0.734898 
39 73 0.736193 
39 74 0.660474 
39 75 0.18613 
39 76 0.0821967 
39 77 0.64152 
39 78 0.113929 
39 79 0.408766 
39 80 0.091809 
39 81 0.273694 
39 82 0.675149 
39 83 0.112009 
39 84 0.780054 
39 85 0.511288 
39 86 0.453005 
39 87 0.0516021 
39 88 0.794955 
39 89 0.783473 
39 90 0.203547 
39 91 0.65624 
39 92 0.676247 
39 93 0.0641885 
39 94 0.218126 
39 95 0.129908 
39 96 0.294301 
39 97 0.571201 
39 98 0.181171 
39 99 0.475354 
