20 0 0.656178 
20 1 0.457121 
20 2 0.134706 
20 3 0.544154 
20 4 0.78817 
20 5 0.640908 
20 6 0.319295 
20 7 0.239174 
20 8 0.626163 
20 9 0.210908 
20 10 0.169889 
20 11 0.0645755 
20 12 0.615358 
20 13 0.294387 
20 14 0.546135 
20 15 0.561813 
20 16 0.148826 
20 17 0.504721 
20 18 0.173511 
20 19 0.160398 
20 20 0.0125225 
20 21 0.704786 
20 22 0.637988 
20 23 0.788763 
20 24 0.575346 
20 25 0.506475 
20 26 0.262793 
20 27 0.489792 
20 28 0.321277 
20 29 0.355407 
20 30 0.210092 
20 31 0.359862 
20 32 0.0163201 
20 33 0.732232 
20 34 0.560196 
20 35 0.105932 
20 36 0.00653588 
20 37 0.374405 
20 38 0.416152 
20 39 0.779135 
20 40 0.32244 
20 41 0.279696 
20 42 0.0941747 
20 43 0.350127 
20 44 0.191018 
20 45 0.328816 
20 46 0.0958862 
20 47 0.362946 
20 48 0.430851 
20 49 0.285051 
20 50 0.306394 
20 51 0.434917 
20 52 0.260233 
20 53 0.0609586 
20 54 0.63559 
20 55 0.775016 
20 56 0.17657 
20 57 0.550839 
20 58 0.188841 
20 59 0.723944 
20 60 0.775966 
20 61 0.18654 
20 62 0.783618 
20 63 0.485638 
20 64 0.596618 
20 65 0.31633 
20 66 0.153047 
20 67 0.703065 
20 68 0.70626 
20 69 0.343467 
20 70 0.390932 
20 71 0.287176 
20 72 0.153656 
20 73 0.285831 
20 74 0.275823 
20 75 0.715447 
20 76 0.311875 
20 77 0.0342393 
20 78 0.0372988 
20 79 0.352789 
20 80 0.174961 
20 81 0.453027 
20 82 0.740573 
20 83 0.151152 
20 84 0.0961387 
20 85 0.516447 
20 86 0.248836 
20 87 0.631033 
20 88 0.598915 
20 89 0.557265 
20 90 0.519537 
20 91 0.41891 
20 92 0.277076 
20 93 0.671384 
20 94 0.362606 
20 95 0.249402 
20 96 0.127361 
20 97 0.735233 
20 98 0.725023 
20 99 0.404707 
