54 0 0.288045 
54 1 0.647862 
54 2 0.0418165 
54 3 0.30261 
54 4 0.621276 
54 5 0.392513 
54 6 0.180033 
54 7 0.649208 
54 8 0.594587 
54 9 0.649262 
54 10 0.619466 
54 11 0.44678 
54 12 0.00519718 
54 13 0.235799 
54 14 0.621095 
54 15 0.734764 
54 16 0.584292 
54 17 0.245195 
54 18 0.268375 
54 19 0.300635 
54 20 0.753227 
54 21 0.52101 
54 22 0.753824 
54 23 0.521208 
54 24 0.742904 
54 25 0.360513 
54 26 0.513903 
54 27 0.332698 
54 28 0.268158 
54 29 0.707599 
54 30 0.202975 
54 31 0.192155 
54 32 0.0228319 
54 33 0.289435 
54 34 0.760224 
54 35 0.686865 
54 36 0.580322 
54 37 0.222587 
54 38 0.750286 
54 39 0.0633952 
54 40 0.270995 
54 41 0.409615 
54 42 0.492678 
54 43 0.399646 
54 44 0.353154 
54 45 0.659972 
54 46 0.22696 
54 47 0.660788 
54 48 0.0418496 
54 49 0.432891 
54 50 0.661907 
54 51 0.25815 
54 52 0.405431 
54 53 0.585286 
54 54 0.140946 
54 55 0.049982 
54 56 0.628412 
54 57 0.569356 
54 58 0.505874 
54 59 0.598713 
54 60 0.574276 
54 61 0.63358 
54 62 0.296639 
54 63 0.113871 
54 64 0.0513267 
54 65 0.788091 
54 66 0.396942 
54 67 0.625504 
54 68 0.697998 
54 69 0.202452 
54 70 0.570498 
54 71 0.191632 
54 72 0.140639 
54 73 0.105366 
54 74 0.729037 
54 75 0.482415 
54 76 0.619192 
54 77 0.317385 
54 78 0.176233 
54 79 0.201157 
54 80 0.596295 
54 81 0.526752 
54 82 0.515833 
54 83 0.438251 
54 84 0.500058 
54 85 0.341626 
54 86 0.351101 
54 87 0.544305 
54 88 0.563321 
54 89 0.800611 
54 90 0.570424 
54 91 0.349989 
54 92 0.112107 
54 93 0.422789 
54 94 0.239996 
54 95 0.120694 
54 96 0.600535 
54 97 0.446167 
54 98 0.594346 
54 99 0.413261 
