19 0 0.462901 
19 1 0.00589684 
19 2 0.123223 
19 3 0.712948 
19 4 0.0888101 
19 5 0.476185 
19 6 0.654179 
19 7 0.441613 
19 8 0.394088 
19 9 0.626767 
19 10 0.489353 
19 11 0.388261 
19 12 0.191589 
19 13 0.274212 
19 14 0.0886624 
19 15 0.65164 
19 16 0.381515 
19 17 0.236694 
19 18 0.340885 
19 19 0.289663 
19 20 0.123451 
19 21 0.320144 
19 22 0.409309 
19 23 0.696101 
19 24 0.00916027 
19 25 0.0390165 
19 26 0.782291 
19 27 0.674941 
19 28 0.13229 
19 29 0.0891802 
19 30 0.686437 
19 31 0.354957 
19 32 0.600547 
19 33 0.256403 
19 34 0.199157 
19 35 0.299479 
19 36 0.170801 
19 37 0.552866 
19 38 0.245753 
19 39 0.163162 
19 40 0.0232897 
19 41 0.32502 
19 42 0.611161 
19 43 0.441768 
19 44 0.179735 
19 45 0.324001 
19 46 0.0364527 
19 47 0.649176 
19 48 0.625512 
19 49 0.764124 
19 50 0.659953 
19 51 0.172376 
19 52 0.702206 
19 53 0.591078 
19 54 0.744769 
19 55 0.736019 
19 56 0.00541593 
19 57 0.293777 
19 58 0.326822 
19 59 0.650402 
19 60 0.452085 
19 61 0.0415047 
19 62 0.607 
19 63 0.291093 
19 64 0.503624 
19 65 0.530742 
19 66 0.622681 
19 67 0.481792 
19 68 0.466864 
19 69 0.385286 
19 70 0.197258 
19 71 0.546123 
19 72 0.482298 
19 73 0.102971 
19 74 0.0163623 
19 75 0.41285 
19 76 0.707472 
19 77 0.496856 
19 78 0.408031 
19 79 0.126783 
19 80 0.0243617 
19 81 0.44054 
19 82 0.463748 
19 83 0.67842 
19 84 0.680945 
19 85 0.132666 
19 86 0.608062 
19 87 0.0899502 
19 88 0.739371 
19 89 0.0715373 
19 90 0.115095 
19 91 0.142884 
19 92 0.449744 
19 93 0.118848 
19 94 0.367886 
19 95 0.323011 
19 96 0.727428 
19 97 0.652769 
19 98 0.693147 
19 99 0.77119 
