64 0 0.592767 
64 1 0.298586 
64 2 0.0799143 
64 3 0.0388211 
64 4 0.251975 
64 5 0.343222 
64 6 0.265108 
64 7 0.41719 
64 8 0.483864 
64 9 0.481256 
64 10 0.34239 
64 11 0.494194 
64 12 0.627509 
64 13 0.147998 
64 14 0.664499 
64 15 0.049525 
64 16 0.273329 
64 17 0.111188 
64 18 0.114853 
64 19 0.337644 
64 20 0.751293 
64 21 0.622298 
64 22 0.675605 
64 23 0.247426 
64 24 0.695433 
64 25 0.145188 
64 26 0.771835 
64 27 0.634235 
64 28 0.0795172 
64 29 0.735197 
64 30 0.602963 
64 31 0.502029 
64 32 0.348752 
64 33 0.621643 
64 34 0.615494 
64 35 0.382558 
64 36 0.111053 
64 37 0.493851 
64 38 0.192797 
64 39 0.402655 
64 40 0.0969736 
64 41 0.102675 
64 42 0.711222 
64 43 0.749341 
64 44 0.0603744 
64 45 0.636768 
64 46 0.169237 
64 47 0.421679 
64 48 0.121302 
64 49 0.0358184 
64 50 0.0669239 
64 51 0.107123 
64 52 0.256873 
64 53 0.0119333 
64 54 0.194355 
64 55 0.73529 
64 56 0.441345 
64 57 0.0779495 
64 58 0.560468 
64 59 0.304954 
64 60 0.456256 
64 61 0.484274 
64 62 0.286919 
64 63 0.276906 
64 64 0.104777 
64 65 0.733239 
64 66 0.708274 
64 67 0.428415 
64 68 0.206962 
64 69 0.432516 
64 70 0.225115 
64 71 0.549451 
64 72 0.609442 
64 73 0.602227 
64 74 0.422967 
64 75 0.144851 
64 76 0.36567 
64 77 0.70513 
64 78 0.232798 
64 79 0.693843 
64 80 0.495677 
64 81 0.589341 
64 82 0.0381527 
64 83 0.408882 
64 84 0.558487 
64 85 0.798616 
64 86 0.177747 
64 87 0.151771 
64 88 0.569047 
64 89 0.354507 
64 90 0.43116 
64 91 0.31376 
64 92 0.61937 
64 93 0.150745 
64 94 0.627278 
64 95 0.78575 
64 96 0.774219 
64 97 0.50519 
64 98 0.653897 
64 99 0.525185 
