87 0 0.115775 
87 1 0.0598057 
87 2 0.1966 
87 3 0.582534 
87 4 0.561903 
87 5 0.177735 
87 6 0.753498 
87 7 0.720035 
87 8 0.160222 
87 9 0.344874 
87 10 0.602876 
87 11 0.111239 
87 12 0.127272 
87 13 0.0606437 
87 14 0.333622 
87 15 0.335468 
87 16 0.075828 
87 17 0.710692 
87 18 0.45475 
87 19 0.316521 
87 20 0.303871 
87 21 0.685235 
87 22 0.266256 
87 23 0.162353 
87 24 0.479399 
87 25 0.274414 
87 26 0.0586344 
87 27 0.441351 
87 28 0.582791 
87 29 0.741414 
87 30 0.498969 
87 31 0.0318077 
87 32 0.295346 
87 33 0.388184 
87 34 0.755059 
87 35 0.755567 
87 36 0.316601 
87 37 0.485369 
87 38 0.623647 
87 39 0.408618 
87 40 0.0926185 
87 41 0.0312788 
87 42 0.217417 
87 43 0.0942137 
87 44 0.363261 
87 45 0.389563 
87 46 0.0724 
87 47 0.665208 
87 48 0.595455 
87 49 0.119305 
87 50 0.302775 
87 51 0.336638 
87 52 0.471896 
87 53 0.308674 
87 54 0.687642 
87 55 0.178462 
87 56 0.105544 
87 57 0.577443 
87 58 0.180488 
87 59 0.0896734 
87 60 0.309812 
87 61 0.366672 
87 62 0.28119 
87 63 0.0909338 
87 64 0.118262 
87 65 0.441776 
87 66 0.427395 
87 67 0.275207 
87 68 0.680436 
87 69 0.605402 
87 70 0.553366 
87 71 0.594115 
87 72 0.715432 
87 73 0.0628477 
87 74 0.354411 
87 75 0.62708 
87 76 0.516496 
87 77 0.542751 
87 78 0.57911 
87 79 0.128884 
87 80 0.628256 
87 81 0.384579 
87 82 0.126175 
87 83 0.67704 
87 84 0.481306 
87 85 0.338067 
87 86 0.754452 
87 87 0.0622976 
87 88 0.29278 
87 89 0.758929 
87 90 0.0266776 
87 91 0.705501 
87 92 0.788503 
87 93 0.254261 
87 94 0.521096 
87 95 0.445805 
87 96 0.279987 
87 97 0.712135 
87 98 0.479272 
87 99 0.471829 
