8 0 0.447415 
8 1 0.120771 
8 2 0.361063 
8 3 0.27778 
8 4 0.489923 
8 5 0.196698 
8 6 0.171868 
8 7 0.118599 
8 8 0.385316 
8 9 0.342856 
8 10 0.360161 
8 11 0.440953 
8 12 0.794464 
8 13 0.368473 
8 14 0.196348 
8 15 0.195041 
8 16 0.610233 
8 17 0.177716 
8 18 0.507573 
8 19 0.794285 
8 20 0.127893 
8 21 0.248496 
8 22 0.745917 
8 23 0.493317 
8 24 0.780389 
8 25 0.698071 
8 26 0.60034 
8 27 0.0392305 
8 28 0.268701 
8 29 0.791775 
8 30 0.708175 
8 31 0.706202 
8 32 0.135686 
8 33 0.164819 
8 34 0.0852204 
8 35 0.329302 
8 36 0.620379 
8 37 0.726055 
8 38 0.195153 
8 39 0.632827 
8 40 0.139078 
8 41 0.0692414 
8 42 0.39561 
8 43 0.778936 
8 44 0.17717 
8 45 0.677147 
8 46 0.671799 
8 47 0.643047 
8 48 0.747914 
8 49 0.596894 
8 50 0.263921 
8 51 0.12583 
8 52 0.0916523 
8 53 0.550115 
8 54 0.059444 
8 55 0.587278 
8 56 0.100429 
8 57 0.788908 
8 58 0.682802 
8 59 0.522221 
8 60 0.0109836 
8 61 0.67642 
8 62 0.751481 
8 63 0.422761 
8 64 0.146284 
8 65 0.41732 
8 66 0.636768 
8 67 0.517873 
8 68 0.637073 
8 69 0.0526929 
8 70 0.0193837 
8 71 0.683003 
8 72 0.336325 
8 73 0.450242 
8 74 0.573324 
8 75 0.18582 
8 76 0.35578 
8 77 0.801392 
8 78 0.0308418 
8 79 0.237156 
8 80 0.521089 
8 81 0.363569 
8 82 0.288032 
8 83 0.362127 
8 84 0.648064 
8 85 0.455907 
8 86 0.207361 
8 87 0.37368 
8 88 0.775388 
8 89 0.602239 
8 90 0.140235 
8 91 0.159097 
8 92 0.7728 
8 93 0.445145 
8 94 0.327494 
8 95 0.19708 
8 96 0.350943 
8 97 0.233438 
8 98 0.203791 
8 99 0.00859139 
