84 0 0.79252 
84 1 0.54413 
84 2 0.522933 
84 3 0.0768922 
84 4 0.0980436 
84 5 0.091775 
84 6 0.689144 
84 7 0.708944 
84 8 0.651865 
84 9 0.638817 
84 10 0.599527 
84 11 0.0814921 
84 12 0.0594001 
84 13 0.63504 
84 14 0.483338 
84 15 0.0156268 
84 16 0.633998 
84 17 0.464682 
84 18 0.551474 
84 19 0.10361 
84 20 0.7486 
84 21 0.738412 
84 22 0.0953669 
84 23 0.514302 
84 24 0.576853 
84 25 0.770958 
84 26 0.0671599 
84 27 0.577371 
84 28 0.410414 
84 29 0.318559 
84 30 0.0058248 
84 31 0.658325 
84 32 0.199131 
84 33 0.775055 
84 34 0.526683 
84 35 0.623915 
84 36 0.392162 
84 37 0.245653 
84 38 0.434538 
84 39 0.747766 
84 40 0.103947 
84 41 0.633342 
84 42 0.71104 
84 43 0.261214 
84 44 0.541033 
84 45 0.590322 
84 46 0.329719 
84 47 0.659124 
84 48 0.49329 
84 49 0.100093 
84 50 0.70287 
84 51 0.743716 
84 52 0.363687 
84 53 0.260615 
84 54 0.628712 
84 55 0.156415 
84 56 0.581125 
84 57 0.104508 
84 58 0.11375 
84 59 0.2045 
84 60 0.0902648 
84 61 0.390615 
84 62 0.737406 
84 63 0.424712 
84 64 0.326169 
84 65 0.267955 
84 66 0.26823 
84 67 0.394372 
84 68 0.465562 
84 69 0.525608 
84 70 0.305739 
84 71 0.54803 
84 72 0.0995004 
84 73 0.617776 
84 74 0.0812964 
84 75 0.506966 
84 76 0.413585 
84 77 0.04115 
84 78 0.259615 
84 79 0.343252 
84 80 0.770985 
84 81 0.354569 
84 82 0.577066 
84 83 0.434918 
84 84 0.489739 
84 85 0.194504 
84 86 0.231165 
84 87 0.486484 
84 88 0.0559767 
84 89 0.0536038 
84 90 0.0580893 
84 91 0.370717 
84 92 0.677883 
84 93 0.420395 
84 94 0.670741 
84 95 0.140749 
84 96 0.463342 
84 97 0.306514 
84 98 0.468119 
84 99 0.416596 
