10 0 0.55113 
10 1 0.580754 
10 2 0.356349 
10 3 0.229132 
10 4 0.583326 
10 5 0.0711511 
10 6 0.186621 
10 7 0.227206 
10 8 0.322259 
10 9 0.363177 
10 10 0.382003 
10 11 0.0821903 
10 12 0.411406 
10 13 0.184161 
10 14 0.489581 
10 15 0.418373 
10 16 0.234478 
10 17 0.714727 
10 18 0.162931 
10 19 0.129932 
10 20 0.574502 
10 21 0.0583282 
10 22 0.273633 
10 23 0.418724 
10 24 0.71184 
10 25 0.496516 
10 26 0.615222 
10 27 0.479934 
10 28 0.429537 
10 29 0.75947 
10 30 0.665201 
10 31 0.3212 
10 32 0.395043 
10 33 0.641628 
10 34 0.43467 
10 35 0.457185 
10 36 0.413543 
10 37 0.678878 
10 38 0.0857703 
10 39 0.499483 
10 40 0.543894 
10 41 0.104674 
10 42 0.109176 
10 43 0.535714 
10 44 0.457442 
10 45 0.705177 
10 46 0.494984 
10 47 0.639077 
10 48 0.424903 
10 49 0.061214 
10 50 0.756385 
10 51 0.057508 
10 52 0.458725 
10 53 0.45588 
10 54 0.374606 
10 55 0.19541 
10 56 0.569949 
10 57 0.161741 
10 58 0.410965 
10 59 0.289174 
10 60 0.0854387 
10 61 0.124321 
10 62 0.131446 
10 63 0.023089 
10 64 0.621594 
10 65 0.0754052 
10 66 0.479396 
10 67 0.352585 
10 68 0.0726098 
10 69 0.63552 
10 70 0.787001 
10 71 0.713248 
10 72 0.501113 
10 73 0.509029 
10 74 0.224008 
10 75 0.223285 
10 76 0.0870759 
10 77 0.664454 
10 78 0.582053 
10 79 0.162887 
10 80 0.091485 
10 81 0.560775 
10 82 0.332176 
10 83 0.671312 
10 84 0.105889 
10 85 0.586721 
10 86 0.393513 
10 87 0.563875 
10 88 0.0196955 
10 89 0.711449 
10 90 0.145343 
10 91 0.282521 
10 92 0.66262 
10 93 0.0870755 
10 94 0.261391 
10 95 0.248982 
10 96 0.42966 
10 97 0.708431 
10 98 0.796419 
10 99 0.119664 
