2 0 0.26583 
2 1 0.0570215 
2 2 0.423413 
2 3 0.131056 
2 4 0.046524 
2 5 0.534441 
2 6 0.200001 
2 7 0.741247 
2 8 0.162904 
2 9 0.557163 
2 10 0.0914818 
2 11 0.350666 
2 12 0.481175 
2 13 0.222453 
2 14 0.301003 
2 15 0.345264 
2 16 0.584632 
2 17 0.296622 
2 18 0.63497 
2 19 0.195156 
2 20 0.608733 
2 21 0.45808 
2 22 0.0882189 
2 23 0.182916 
2 24 0.70662 
2 25 0.39167 
2 26 0.698548 
2 27 0.695472 
2 28 0.262085 
2 29 0.43866 
2 30 0.356225 
2 31 0.724091 
2 32 0.370658 
2 33 0.722669 
2 34 0.533599 
2 35 0.482547 
2 36 0.0923122 
2 37 0.581632 
2 38 0.0589192 
2 39 0.403553 
2 40 0.799171 
2 41 0.546427 
2 42 0.141462 
2 43 0.213356 
2 44 0.569667 
2 45 0.150181 
2 46 0.676793 
2 47 0.207746 
2 48 0.228492 
2 49 0.663552 
2 50 0.51207 
2 51 0.128912 
2 52 0.581711 
2 53 0.272072 
2 54 0.516484 
2 55 0.669818 
2 56 0.380814 
2 57 0.531763 
2 58 0.53672 
2 59 0.312949 
2 60 0.699905 
2 61 0.464555 
2 62 0.800857 
2 63 0.431962 
2 64 0.571613 
2 65 0.794234 
2 66 0.436708 
2 67 0.59449 
2 68 0.00360834 
2 69 0.730226 
2 70 0.720476 
2 71 0.385314 
2 72 0.701525 
2 73 0.369531 
2 74 0.595801 
2 75 0.206499 
2 76 0.0236346 
2 77 0.196575 
2 78 0.291458 
2 79 0.36557 
2 80 0.329224 
2 81 0.244406 
2 82 0.51936 
2 83 0.264727 
2 84 0.334029 
2 85 0.0145538 
2 86 0.243858 
2 87 0.387829 
2 88 0.330713 
2 89 0.601319 
2 90 0.780819 
2 91 0.548733 
2 92 0.295152 
2 93 0.782295 
2 94 0.6385 
2 95 0.630722 
2 96 0.0514124 
2 97 0.276511 
2 98 0.421161 
2 99 0.143247 
