43 0 0.700762 
43 1 0.483305 
43 2 0.594501 
43 3 0.422326 
43 4 0.453676 
43 5 0.762745 
43 6 0.292986 
43 7 0.0571747 
43 8 0.556508 
43 9 0.709672 
43 10 0.215788 
43 11 0.646796 
43 12 0.512134 
43 13 0.515413 
43 14 0.423648 
43 15 0.3129 
43 16 0.589333 
43 17 0.3834 
43 18 0.757924 
43 19 0.694254 
43 20 0.299904 
43 21 0.42608 
43 22 0.0469605 
43 23 0.687899 
43 24 0.521496 
43 25 0.438236 
43 26 0.240906 
43 27 0.209914 
43 28 0.116809 
43 29 0.493345 
43 30 0.345484 
43 31 0.0174274 
43 32 0.751422 
43 33 0.496508 
43 34 0.661423 
43 35 0.648564 
43 36 0.165081 
43 37 0.777808 
43 38 0.388594 
43 39 0.125687 
43 40 0.0245551 
43 41 0.043258 
43 42 0.764813 
43 43 0.0092258 
43 44 0.205968 
43 45 0.740395 
43 46 0.728852 
43 47 0.317998 
43 48 0.181685 
43 49 0.0988444 
43 50 0.420515 
43 51 0.593386 
43 52 0.367299 
43 53 0.730178 
43 54 0.115145 
43 55 0.692223 
43 56 0.520708 
43 57 0.584768 
43 58 0.772513 
43 59 0.548306 
43 60 0.48887 
43 61 0.339902 
43 62 0.741634 
43 63 0.13659 
43 64 0.141963 
43 65 0.552106 
43 66 0.196646 
43 67 0.783916 
43 68 0.684687 
43 69 0.505732 
43 70 0.109491 
43 71 0.409728 
43 72 0.0582818 
43 73 0.502301 
43 74 0.166365 
43 75 0.762292 
43 76 0.610756 
43 77 0.736709 
43 78 0.512267 
43 79 0.502953 
43 80 0.267552 
43 81 0.558274 
43 82 0.642946 
43 83 0.514509 
43 84 0.177508 
43 85 0.451413 
43 86 0.551606 
43 87 0.139051 
43 88 0.468148 
43 89 0.761321 
43 90 0.769016 
43 91 0.092059 
43 92 0.795821 
43 93 0.192364 
43 94 0.798042 
43 95 0.750581 
43 96 0.326664 
43 97 0.255527 
43 98 0.570654 
43 99 0.152685 
