12 0 0.571342 
12 1 0.324425 
12 2 0.695225 
12 3 0.617686 
12 4 0.597379 
12 5 0.554381 
12 6 0.743535 
12 7 0.221693 
12 8 0.0508522 
12 9 0.221115 
12 10 0.0364093 
12 11 0.351442 
12 12 0.517697 
12 13 0.0773735 
12 14 0.0349903 
12 15 0.0237392 
12 16 0.0410563 
12 17 0.737273 
12 18 0.0605377 
12 19 0.683338 
12 20 0.768874 
12 21 0.295703 
12 22 0.726132 
12 23 0.260119 
12 24 0.255854 
12 25 0.494107 
12 26 0.343224 
12 27 0.130084 
12 28 0.279595 
12 29 0.324474 
12 30 0.510131 
12 31 0.797885 
12 32 0.332463 
12 33 0.781936 
12 34 0.701451 
12 35 0.0442766 
12 36 0.488963 
12 37 0.00848028 
12 38 0.155425 
12 39 0.421823 
12 40 0.314744 
12 41 0.0580828 
12 42 0.109507 
12 43 0.13571 
12 44 0.392188 
12 45 0.378984 
12 46 0.0307734 
12 47 0.00895192 
12 48 0.26424 
12 49 0.170352 
12 50 0.707806 
12 51 0.781185 
12 52 0.376683 
12 53 0.607144 
12 54 0.242883 
12 55 0.0580381 
12 56 0.212794 
12 57 0.274419 
12 58 0.676505 
12 59 0.559407 
12 60 0.223067 
12 61 0.0563561 
12 62 0.630607 
12 63 0.322247 
12 64 0.388656 
12 65 0.3304 
12 66 0.297431 
12 67 0.589399 
12 68 0.282879 
12 69 0.490646 
12 70 0.528498 
12 71 0.316523 
12 72 0.559718 
12 73 0.48049 
12 74 0.530803 
12 75 0.532276 
12 76 0.157847 
12 77 0.57622 
12 78 0.045272 
12 79 0.672314 
12 80 0.244865 
12 81 0.74365 
12 82 0.373628 
12 83 0.389527 
12 84 0.126892 
12 85 0.115484 
12 86 0.714654 
12 87 0.500369 
12 88 0.013004 
12 89 0.221631 
12 90 0.345901 
12 91 0.150258 
12 92 0.247224 
12 93 0.792741 
12 94 0.409281 
12 95 0.334991 
12 96 0.57021 
12 97 0.460228 
12 98 0.519994 
12 99 0.685199 
