49 0 0.502616 
49 1 0.786711 
49 2 0.0125734 
49 3 0.519974 
49 4 0.666556 
49 5 0.631941 
49 6 0.146161 
49 7 0.0876135 
49 8 0.269529 
49 9 0.590497 
49 10 0.785181 
49 11 0.313254 
49 12 0.262301 
49 13 0.766335 
49 14 0.252552 
49 15 0.763261 
49 16 0.584095 
49 17 0.536843 
49 18 0.294756 
49 19 0.695863 
49 20 0.0897283 
49 21 0.763046 
49 22 0.411538 
49 23 0.779999 
49 24 0.335056 
49 25 0.609086 
49 26 0.473201 
49 27 0.440366 
49 28 0.13108 
49 29 0.262869 
49 30 0.365546 
49 31 0.157383 
49 32 0.00645165 
49 33 0.615711 
49 34 0.408687 
49 35 0.362223 
49 36 0.199657 
49 37 0.644979 
49 38 0.491778 
49 39 0.597618 
49 40 0.141917 
49 41 0.461666 
49 42 0.784302 
49 43 0.250673 
49 44 0.31972 
49 45 0.771357 
49 46 0.800303 
49 47 0.00305207 
49 48 0.467006 
49 49 0.762322 
49 50 0.419726 
49 51 0.37033 
49 52 0.721638 
49 53 0.495286 
49 54 0.553743 
49 55 0.699168 
49 56 0.120313 
49 57 0.385741 
49 58 0.461374 
49 59 0.4454 
49 60 0.53811 
49 61 0.630281 
49 62 0.194758 
49 63 0.769022 
49 64 0.385259 
49 65 0.181275 
49 66 0.540936 
49 67 0.0805672 
49 68 0.392358 
49 69 0.385013 
49 70 0.409723 
49 71 0.215717 
49 72 0.707384 
49 73 0.178029 
49 74 0.504566 
49 75 0.383762 
49 76 0.15304 
49 77 0.657355 
49 78 0.279577 
49 79 0.201291 
49 80 0.416099 
49 81 0.627781 
49 82 0.778927 
49 83 0.161542 
49 84 0.214976 
49 85 0.743887 
49 86 0.168556 
49 87 0.176447 
49 88 0.16775 
49 89 0.514644 
49 90 0.559356 
49 91 0.262923 
49 92 0.1637 
49 93 0.447608 
49 94 0.338525 
49 95 0.152621 
49 96 0.270649 
49 97 0.0483995 
49 98 0.344207 
49 99 0.314463 
