53 0 0.721145 
53 1 0.195647 
53 2 0.599203 
53 3 0.197394 
53 4 0.268319 
53 5 0.522018 
53 6 0.626251 
53 7 0.379679 
53 8 0.725848 
53 9 0.439939 
53 10 0.394813 
53 11 0.301664 
53 12 0.395754 
53 13 0.19026 
53 14 0.508702 
53 15 0.781337 
53 16 0.483693 
53 17 0.138937 
53 18 0.158522 
53 19 0.139936 
53 20 0.70832 
53 21 0.0328677 
53 22 0.298621 
53 23 0.397095 
53 24 0.563304 
53 25 0.746431 
53 26 0.39869 
53 27 0.00529794 
53 28 0.15394 
53 29 0.362283 
53 30 0.700207 
53 31 0.724905 
53 32 0.0693958 
53 33 0.231711 
53 34 0.559025 
53 35 0.418542 
53 36 0.583319 
53 37 0.568488 
53 38 0.268177 
53 39 0.179337 
53 40 0.0194319 
53 41 0.232996 
53 42 0.238207 
53 43 0.307305 
53 44 0.270067 
53 45 0.549295 
53 46 0.582149 
53 47 0.514706 
53 48 0.077682 
53 49 0.19016 
53 50 0.00623288 
53 51 0.419939 
53 52 0.795101 
53 53 0.562786 
53 54 0.567618 
53 55 0.167892 
53 56 0.24583 
53 57 0.224552 
53 58 0.548755 
53 59 0.63031 
53 60 0.210274 
53 61 0.487724 
53 62 0.733216 
53 63 0.420033 
53 64 0.356424 
53 65 0.620489 
53 66 0.655313 
53 67 0.507915 
53 68 0.49229 
53 69 0.472817 
53 70 0.218347 
53 71 0.530123 
53 72 0.239617 
53 73 0.627556 
53 74 0.138049 
53 75 0.483515 
53 76 0.0818893 
53 77 0.0584069 
53 78 0.448775 
53 79 0.0522101 
53 80 0.22996 
53 81 0.296622 
53 82 0.570509 
53 83 0.634266 
53 84 0.228717 
53 85 0.184109 
53 86 0.176824 
53 87 0.67537 
53 88 0.223503 
53 89 0.536953 
53 90 0.187817 
53 91 0.339617 
53 92 0.64177 
53 93 0.681132 
53 94 0.262066 
53 95 0.662612 
53 96 0.590321 
53 97 0.433284 
53 98 0.507536 
53 99 0.00535602 
