57 0 0.59251 
57 1 0.661433 
57 2 0.411984 
57 3 0.207195 
57 4 0.76252 
57 5 0.464057 
57 6 0.189391 
57 7 0.443117 
57 8 0.669834 
57 9 0.185822 
57 10 0.266484 
57 11 0.479244 
57 12 0.332453 
57 13 0.67435 
57 14 0.0924481 
57 15 0.510273 
57 16 0.342556 
57 17 0.584231 
57 18 0.034309 
57 19 0.590679 
57 20 0.41057 
57 21 0.606777 
57 22 0.609611 
57 23 0.428505 
57 24 0.214188 
57 25 0.162575 
57 26 0.765253 
57 27 0.110601 
57 28 0.641897 
57 29 0.292529 
57 30 0.662062 
57 31 0.451637 
57 32 0.46565 
57 33 0.186917 
57 34 0.374552 
57 35 0.546221 
57 36 0.418502 
57 37 0.725124 
57 38 0.0843939 
57 39 0.337391 
57 40 0.355323 
57 41 0.650356 
57 42 0.259065 
57 43 0.462905 
57 44 0.529017 
57 45 0.274499 
57 46 0.553852 
57 47 0.573989 
57 48 0.707588 
57 49 0.0423642 
57 50 0.162985 
57 51 0.575277 
57 52 0.719227 
57 53 0.206099 
57 54 0.346763 
57 55 0.273276 
57 56 0.571997 
57 57 0.319731 
57 58 0.0459139 
57 59 0.157642 
57 60 0.631062 
57 61 0.70946 
57 62 0.654094 
57 63 0.717551 
57 64 0.353431 
57 65 0.225874 
57 66 0.386219 
57 67 0.528847 
57 68 0.681705 
57 69 0.369174 
57 70 0.5022 
57 71 0.127138 
57 72 0.688191 
57 73 0.535302 
57 74 0.329786 
57 75 0.562264 
57 76 0.491402 
57 77 0.723839 
57 78 0.360575 
57 79 0.371476 
57 80 0.609314 
57 81 0.481999 
57 82 0.263877 
57 83 0.537673 
57 84 0.606145 
57 85 0.515995 
57 86 0.198178 
57 87 0.0876876 
57 88 0.800923 
57 89 0.17768 
57 90 0.335751 
57 91 0.678387 
57 92 0.559103 
57 93 0.599487 
57 94 0.667473 
57 95 0.0574942 
57 96 0.0245431 
57 97 0.305994 
57 98 0.0178771 
57 99 0.06713 
