52 0 0.286511 
52 1 0.244061 
52 2 0.259964 
52 3 0.435856 
52 4 0.360785 
52 5 0.595913 
52 6 0.706585 
52 7 0.478763 
52 8 0.679958 
52 9 0.247964 
52 10 0.319207 
52 11 0.247389 
52 12 0.690633 
52 13 0.761374 
52 14 0.426505 
52 15 0.604093 
52 16 0.499432 
52 17 0.602801 
52 18 0.417948 
52 19 0.30654 
52 20 0.138729 
52 21 0.784523 
52 22 0.333069 
52 23 0.549137 
52 24 0.583677 
52 25 0.355189 
52 26 0.246817 
52 27 0.438221 
52 28 0.036913 
52 29 0.366444 
52 30 0.321264 
52 31 0.767026 
52 32 0.572077 
52 33 0.312473 
52 34 0.799401 
52 35 0.741212 
52 36 0.162835 
52 37 0.73902 
52 38 0.120492 
52 39 0.111456 
52 40 0.787398 
52 41 0.135762 
52 42 0.578843 
52 43 0.719005 
52 44 0.0650112 
52 45 0.774657 
52 46 0.56954 
52 47 0.389924 
52 48 0.266987 
52 49 0.101001 
52 50 0.340766 
52 51 0.315895 
52 52 0.47703 
52 53 0.342098 
52 54 0.564948 
52 55 0.136357 
52 56 0.711117 
52 57 0.533587 
52 58 0.716246 
52 59 0.57288 
52 60 0.594938 
52 61 0.518896 
52 62 0.0817967 
52 63 0.493571 
52 64 0.367556 
52 65 0.797213 
52 66 0.0755377 
52 67 0.560959 
52 68 0.0728861 
52 69 0.659315 
52 70 0.116388 
52 71 0.714807 
52 72 0.0217061 
52 73 0.0126363 
52 74 0.112821 
52 75 0.0916399 
52 76 0.402471 
52 77 0.549458 
52 78 0.769294 
52 79 0.0498001 
52 80 0.393152 
52 81 0.405094 
52 82 0.549396 
52 83 0.741447 
52 84 0.415105 
52 85 0.55545 
52 86 0.19327 
52 87 0.403157 
52 88 0.442242 
52 89 0.568181 
52 90 0.240829 
52 91 0.173548 
52 92 0.592477 
52 93 0.64572 
52 94 0.592673 
52 95 0.337855 
52 96 0.710008 
52 97 0.188884 
52 98 0.627245 
52 99 0.00639381 
