9 0 0.358413 
9 1 0.712715 
9 2 0.553573 
9 3 0.579907 
9 4 0.682616 
9 5 0.428504 
9 6 0.635284 
9 7 0.468542 
9 8 0.766355 
9 9 0.492818 
9 10 0.205183 
9 11 0.586927 
9 12 0.608539 
9 13 0.551553 
9 14 0.506675 
9 15 0.140249 
9 16 0.104695 
9 17 0.544039 
9 18 0.738426 
9 19 0.0633959 
9 20 0.0881151 
9 21 0.656881 
9 22 0.0545112 
9 23 0.195343 
9 24 0.778481 
9 25 0.537542 
9 26 0.145087 
9 27 0.0574132 
9 28 0.401185 
9 29 0.282 
9 30 0.012854 
9 31 0.776593 
9 32 0.436747 
9 33 0.343975 
9 34 0.69586 
9 35 0.0152188 
9 36 0.737119 
9 37 0.721088 
9 38 0.740727 
9 39 0.197721 
9 40 0.0673661 
9 41 0.693263 
9 42 0.206813 
9 43 0.631355 
9 44 0.513674 
9 45 0.636848 
9 46 0.505208 
9 47 0.54619 
9 48 0.381037 
9 49 0.421264 
9 50 0.426281 
9 51 0.364415 
9 52 0.480611 
9 53 0.347494 
9 54 0.0696848 
9 55 0.0504114 
9 56 0.350031 
9 57 0.215812 
9 58 0.708296 
9 59 0.754599 
9 60 0.552994 
9 61 0.56444 
9 62 0.286746 
9 63 0.498837 
9 64 0.110387 
9 65 0.119018 
9 66 0.0509126 
9 67 0.630998 
9 68 0.549313 
9 69 0.394722 
9 70 0.580976 
9 71 0.463996 
9 72 0.534515 
9 73 0.295634 
9 74 0.498637 
9 75 0.187049 
9 76 0.533144 
9 77 0.623171 
9 78 0.369818 
9 79 0.528786 
9 80 0.746805 
9 81 0.483713 
9 82 0.215234 
9 83 0.586062 
9 84 0.126234 
9 85 0.241223 
9 86 0.065849 
9 87 0.0773195 
9 88 0.36015 
9 89 0.295611 
9 90 0.52708 
9 91 0.128138 
9 92 0.129292 
9 93 0.232654 
9 94 0.72756 
9 95 0.580931 
9 96 0.494519 
9 97 0.083643 
9 98 0.344924 
9 99 0.446695 
