31 0 0.716787 
31 1 0.0568388 
31 2 0.603169 
31 3 0.483543 
31 4 0.150515 
31 5 0.798314 
31 6 0.629756 
31 7 0.63223 
31 8 0.508457 
31 9 0.340062 
31 10 0.0468412 
31 11 0.0890481 
31 12 0.784658 
31 13 0.323694 
31 14 0.735559 
31 15 0.372473 
31 16 0.687779 
31 17 0.511758 
31 18 0.675843 
31 19 0.445749 
31 20 0.540589 
31 21 0.726805 
31 22 0.134242 
31 23 0.00245191 
31 24 0.511432 
31 25 0.43175 
31 26 0.372757 
31 27 0.152312 
31 28 0.708715 
31 29 0.24368 
31 30 0.0881882 
31 31 0.0756741 
31 32 0.153299 
31 33 0.136449 
31 34 0.70703 
31 35 0.300825 
31 36 0.243707 
31 37 0.40498 
31 38 0.0989762 
31 39 0.402412 
31 40 0.300374 
31 41 0.788145 
31 42 0.262369 
31 43 0.453475 
31 44 0.203717 
31 45 0.709564 
31 46 0.650687 
31 47 0.567281 
31 48 0.721051 
31 49 0.313914 
31 50 0.404917 
31 51 0.327062 
31 52 0.397387 
31 53 0.791181 
31 54 0.176938 
31 55 0.185941 
31 56 0.0277467 
31 57 0.00820619 
31 58 0.380505 
31 59 0.683646 
31 60 0.0544277 
31 61 0.376551 
31 62 0.11629 
31 63 0.437563 
31 64 0.350943 
31 65 0.334874 
31 66 0.457781 
31 67 0.147624 
31 68 0.234595 
31 69 0.477191 
31 70 0.246378 
31 71 0.459452 
31 72 0.714402 
31 73 0.78427 
31 74 0.762222 
31 75 0.325745 
31 76 0.426639 
31 77 0.570042 
31 78 0.270411 
31 79 0.13312 
31 80 0.698404 
31 81 0.45024 
31 82 0.643234 
31 83 0.73753 
31 84 0.464385 
31 85 0.57957 
31 86 0.588561 
31 87 0.52979 
31 88 0.455233 
31 89 0.700327 
31 90 0.227902 
31 91 0.457711 
31 92 0.0215794 
31 93 0.196286 
31 94 0.322132 
31 95 0.561347 
31 96 0.456032 
31 97 0.749097 
31 98 0.0742531 
31 99 0.724287 
