99 0 0.624745 
99 1 0.273384 
99 2 0.105654 
99 3 0.124464 
99 4 0.108813 
99 5 0.0383751 
99 6 0.259912 
99 7 0.466099 
99 8 0.542893 
99 9 0.751071 
99 10 0.111387 
99 11 0.677722 
99 12 0.00924541 
99 13 0.750011 
99 14 0.557873 
99 15 0.498509 
99 16 0.34429 
99 17 0.201225 
99 18 0.113246 
99 19 0.135419 
99 20 0.322039 
99 21 0.231699 
99 22 0.435723 
99 23 0.57616 
99 24 0.511022 
99 25 0.420632 
99 26 0.745902 
99 27 0.489331 
99 28 0.433443 
99 29 0.497428 
99 30 0.389929 
99 31 0.746403 
99 32 0.636238 
99 33 0.724109 
99 34 0.122441 
99 35 0.0153765 
99 36 0.0413819 
99 37 0.693629 
99 38 0.0790817 
99 39 0.652262 
99 40 0.536524 
99 41 0.0218769 
99 42 0.493489 
99 43 0.110909 
99 44 0.0837542 
99 45 0.56359 
99 46 0.703113 
99 47 0.543542 
99 48 0.438401 
99 49 0.121223 
99 50 0.396979 
99 51 0.249752 
99 52 0.297225 
99 53 0.212769 
99 54 0.00548103 
99 55 0.625742 
99 56 0.0733966 
99 57 0.179345 
99 58 0.254646 
99 59 0.321798 
99 60 0.528269 
99 61 0.644433 
99 62 0.43271 
99 63 0.505559 
99 64 0.729949 
99 65 0.173135 
99 66 0.188891 
99 67 0.240762 
99 68 0.192862 
99 69 0.339385 
99 70 0.0325189 
99 71 0.708825 
99 72 0.196599 
99 73 0.457922 
99 74 0.678193 
99 75 0.521597 
99 76 0.605002 
99 77 0.659566 
99 78 0.685214 
99 79 0.0046744 
99 80 0.111029 
99 81 0.297388 
99 82 0.745861 
99 83 0.378019 
99 84 0.601002 
99 85 0.388999 
99 86 0.437369 
99 87 0.237319 
99 88 0.0597823 
99 89 0.627176 
99 90 0.579898 
99 91 0.358523 
99 92 0.765095 
99 93 0.544391 
99 94 0.410964 
99 95 0.45969 
99 96 0.555384 
99 97 0.353329 
99 98 0.543467 
99 99 0.313819 
