29 0 0.288132 
29 1 0.0894597 
29 2 0.196105 
29 3 0.264763 
29 4 0.511614 
29 5 0.778035 
29 6 0.747174 
29 7 0.498199 
29 8 0.793882 
29 9 0.0239546 
29 10 0.167164 
29 11 0.38022 
29 12 0.511522 
29 13 0.0490459 
29 14 0.141771 
29 15 0.311449 
29 16 0.489665 
29 17 0.734859 
29 18 0.0225004 
29 19 0.251064 
29 20 0.110359 
29 21 0.277936 
29 22 0.184705 
29 23 0.1164 
29 24 0.786051 
29 25 0.417998 
29 26 0.313074 
29 27 0.0812724 
29 28 0.793758 
29 29 0.499161 
29 30 0.140365 
29 31 0.634858 
29 32 0.539849 
29 33 0.565056 
29 34 0.400919 
29 35 0.683286 
29 36 0.0661325 
29 37 0.079801 
29 38 0.740274 
29 39 0.643368 
29 40 0.313794 
29 41 0.424805 
29 42 0.226232 
29 43 0.74186 
29 44 0.208099 
29 45 0.153801 
29 46 0.072679 
29 47 0.724964 
29 48 0.516062 
29 49 0.372247 
29 50 0.482663 
29 51 0.196162 
29 52 0.472435 
29 53 0.618006 
29 54 0.490097 
29 55 0.155309 
29 56 0.22914 
29 57 0.241452 
29 58 0.595917 
29 59 0.0446041 
29 60 0.0435057 
29 61 0.441716 
29 62 0.635059 
29 63 0.454817 
29 64 0.141995 
29 65 0.366916 
29 66 0.184828 
29 67 0.583999 
29 68 0.681005 
29 69 0.374258 
29 70 0.396504 
29 71 0.0341638 
29 72 0.26693 
29 73 0.328087 
29 74 0.266748 
29 75 0.697001 
29 76 0.61821 
29 77 0.498556 
29 78 0.318232 
29 79 0.423565 
29 80 0.543584 
29 81 0.391952 
29 82 0.622521 
29 83 0.229829 
29 84 0.527676 
29 85 0.528573 
29 86 0.347711 
29 87 0.0607621 
29 88 0.276488 
29 89 0.248328 
29 90 0.777655 
29 91 0.495054 
29 92 0.135136 
29 93 0.782411 
29 94 0.438969 
29 95 0.361271 
29 96 0.712481 
29 97 0.299412 
29 98 0.0518846 
29 99 0.370208 
