0 0 0.550662 
0 1 0.796281 
0 2 0.59019 
0 3 0.3061 
0 4 0.012621 
0 5 0.461951 
0 6 0.568877 
0 7 0.307794 
0 8 0.369642 
0 9 0.432365 
0 10 0.723625 
0 11 0.093344 
0 12 0.554206 
0 13 0.301983 
0 14 0.578027 
0 15 0.338747 
0 16 0.631789 
0 17 0.614553 
0 18 0.260889 
0 19 0.352762 
0 20 0.252702 
0 21 0.0653821 
0 22 0.139663 
0 23 0.239294 
0 24 0.0568883 
0 25 0.321221 
0 26 0.244674 
0 27 0.546741 
0 28 0.69864 
0 29 0.425424 
0 30 0.202802 
0 31 0.0322154 
0 32 0.739564 
0 33 0.77278 
0 34 0.529311 
0 35 0.752558 
0 36 0.0140685 
0 37 0.117298 
0 38 0.305946 
0 39 0.640351 
0 40 0.345452 
0 41 0.310648 
0 42 0.728223 
0 43 0.61539 
0 44 0.29956 
0 45 0.246311 
0 46 0.790245 
0 47 0.227779 
0 48 0.129578 
0 49 0.454093 
0 50 0.34271 
0 51 0.626043 
0 52 0.0962386 
0 53 0.530875 
0 54 0.335206 
0 55 0.800205 
0 56 0.138626 
0 57 0.329271 
0 58 0.6909 
0 59 0.332133 
0 60 0.412403 
0 61 0.640142 
0 62 0.132144 
0 63 0.473374 
0 64 0.796143 
0 65 0.754638 
0 66 0.0508993 
0 67 0.588417 
0 68 0.0315265 
0 69 0.534797 
0 70 0.238206 
0 71 0.313054 
0 72 0.742285 
0 73 0.481072 
0 74 0.639252 
0 75 0.634652 
0 76 0.638118 
0 77 0.767021 
0 78 0.126274 
0 79 0.737431 
0 80 0.574242 
0 81 0.342656 
0 82 0.78285 
0 83 0.0960408 
0 84 0.0369747 
0 85 0.319732 
0 86 0.170417 
0 87 0.229275 
0 88 0.401604 
0 89 0.789874 
0 90 0.378583 
0 91 0.217554 
0 92 0.351468 
0 93 0.14022 
0 94 0.589533 
0 95 0.23574 
0 96 0.462026 
0 97 0.346742 
0 98 0.268433 
0 99 0.201234 
