92 0 0.745047 
92 1 0.480158 
92 2 0.439021 
92 3 0.209836 
92 4 0.516728 
92 5 0.261126 
92 6 0.398968 
92 7 0.223188 
92 8 0.306864 
92 9 0.0876387 
92 10 0.662284 
92 11 0.436776 
92 12 0.791488 
92 13 0.544417 
92 14 0.555155 
92 15 0.583408 
92 16 0.585099 
92 17 0.755601 
92 18 0.0841873 
92 19 0.0340519 
92 20 0.754525 
92 21 0.525744 
92 22 0.245415 
92 23 0.60286 
92 24 0.745845 
92 25 0.420572 
92 26 0.548531 
92 27 0.733517 
92 28 0.268792 
92 29 0.0980906 
92 30 0.775828 
92 31 0.641141 
92 32 0.589405 
92 33 0.0286346 
92 34 0.317806 
92 35 0.721433 
92 36 0.435489 
92 37 0.0586936 
92 38 0.11813 
92 39 0.630667 
92 40 0.493265 
92 41 0.0264323 
92 42 0.473745 
92 43 0.580004 
92 44 0.655784 
92 45 0.0910671 
92 46 0.0120274 
92 47 0.127719 
92 48 0.0978794 
92 49 0.121017 
92 50 0.67302 
92 51 0.530778 
92 52 0.726522 
92 53 0.450447 
92 54 0.685234 
92 55 0.203272 
92 56 0.173301 
92 57 0.472698 
92 58 0.66785 
92 59 0.656795 
92 60 0.615167 
92 61 0.523246 
92 62 0.468607 
92 63 0.630545 
92 64 0.574545 
92 65 0.328655 
92 66 0.5459 
92 67 0.558614 
92 68 0.263951 
92 69 0.417346 
92 70 0.417325 
92 71 0.673445 
92 72 0.102682 
92 73 0.176086 
92 74 0.333483 
92 75 0.760257 
92 76 0.115995 
92 77 0.513027 
92 78 0.491015 
92 79 0.393353 
92 80 0.223521 
92 81 0.208329 
92 82 0.449959 
92 83 0.169842 
92 84 0.673461 
92 85 0.502142 
92 86 0.107837 
92 87 0.185672 
92 88 0.535542 
92 89 0.228115 
92 90 0.508286 
92 91 0.413767 
92 92 0.310019 
92 93 0.591343 
92 94 0.463982 
92 95 0.560974 
92 96 0.538427 
92 97 0.307159 
92 98 0.31353 
92 99 0.744819 
