85 0 0.18258 
85 1 0.274985 
85 2 0.457061 
85 3 0.399334 
85 4 0.126723 
85 5 0.517971 
85 6 0.492951 
85 7 0.673466 
85 8 0.299908 
85 9 0.383688 
85 10 0.751628 
85 11 0.144645 
85 12 0.216595 
85 13 0.739008 
85 14 0.794266 
85 15 0.00980354 
85 16 0.414338 
85 17 0.61722 
85 18 0.774364 
85 19 0.502145 
85 20 0.373419 
85 21 0.349279 
85 22 0.708612 
85 23 0.642085 
85 24 0.352693 
85 25 0.795199 
85 26 0.035268 
85 27 0.47757 
85 28 0.223794 
85 29 0.564826 
85 30 0.397249 
85 31 0.0549435 
85 32 0.117595 
85 33 0.357664 
85 34 0.0688174 
85 35 0.0533806 
85 36 0.600129 
85 37 0.333196 
85 38 0.572191 
85 39 0.672722 
85 40 0.225992 
85 41 0.741518 
85 42 0.135891 
85 43 0.563929 
85 44 0.593492 
85 45 0.275733 
85 46 0.55015 
85 47 0.139729 
85 48 0.171653 
85 49 0.2931 
85 50 0.0889679 
85 51 0.314053 
85 52 0.660003 
85 53 0.444717 
85 54 0.17503 
85 55 0.399018 
85 56 0.461446 
85 57 0.165411 
85 58 0.127723 
85 59 0.063824 
85 60 0.568739 
85 61 0.698944 
85 62 0.381197 
85 63 0.152087 
85 64 0.562282 
85 65 0.784126 
85 66 0.767045 
85 67 0.561723 
85 68 0.0871144 
85 69 0.0668589 
85 70 0.658244 
85 71 0.175444 
85 72 0.272614 
85 73 0.689118 
85 74 0.162176 
85 75 0.147022 
85 76 0.128196 
85 77 0.255485 
85 78 0.415072 
85 79 0.175906 
85 80 0.174945 
85 81 0.160942 
85 82 0.0831728 
85 83 0.0205338 
85 84 0.258991 
85 85 0.298314 
85 86 0.695637 
85 87 0.20928 
85 88 0.716374 
85 89 0.764424 
85 90 0.795191 
85 91 0.0629432 
85 92 0.748101 
85 93 0.138955 
85 94 0.725195 
85 95 0.464728 
85 96 0.175325 
85 97 0.55906 
85 98 0.179681 
85 99 0.133838 
