68 0 0.729006 
68 1 0.127041 
68 2 0.332269 
68 3 0.165244 
68 4 0.165121 
68 5 0.756038 
68 6 0.560095 
68 7 0.0290541 
68 8 0.494977 
68 9 0.649613 
68 10 0.746173 
68 11 0.598655 
68 12 0.538863 
68 13 0.610508 
68 14 0.124794 
68 15 0.142799 
68 16 0.514821 
68 17 0.55356 
68 18 0.539001 
68 19 0.354969 
68 20 0.0390832 
68 21 0.351587 
68 22 0.0280419 
68 23 0.325707 
68 24 0.10394 
68 25 0.707816 
68 26 0.354647 
68 27 0.0152839 
68 28 0.178423 
68 29 0.756081 
68 30 0.269094 
68 31 0.406454 
68 32 0.403447 
68 33 0.151951 
68 34 0.288784 
68 35 0.73713 
68 36 0.113771 
68 37 0.262265 
68 38 0.790934 
68 39 0.196629 
68 40 0.289237 
68 41 0.05795 
68 42 0.378436 
68 43 0.266888 
68 44 0.368007 
68 45 0.556907 
68 46 0.356741 
68 47 0.0178374 
68 48 0.546338 
68 49 0.427161 
68 50 0.170374 
68 51 0.481201 
68 52 0.799505 
68 53 0.112911 
68 54 0.27558 
68 55 0.0993798 
68 56 0.591911 
68 57 0.620864 
68 58 0.676604 
68 59 0.354626 
68 60 0.476581 
68 61 0.524283 
68 62 0.407259 
68 63 0.145771 
68 64 0.256165 
68 65 0.0787777 
68 66 0.275303 
68 67 0.264271 
68 68 0.572085 
68 69 0.523343 
68 70 0.545911 
68 71 0.711173 
68 72 0.740444 
68 73 0.682885 
68 74 0.345035 
68 75 0.134588 
68 76 0.649662 
68 77 0.637495 
68 78 0.22971 
68 79 0.50726 
68 80 0.377012 
68 81 0.248144 
68 82 0.0122537 
68 83 0.0135815 
68 84 0.593999 
68 85 0.471267 
68 86 0.689137 
68 87 0.0718857 
68 88 0.693065 
68 89 0.323631 
68 90 0.644434 
68 91 0.498329 
68 92 0.036148 
68 93 0.188076 
68 94 0.147033 
68 95 0.757403 
68 96 0.615615 
68 97 0.100164 
68 98 0.788174 
68 99 0.26152 
