73 0 0.0293921 
73 1 0.394541 
73 2 0.428914 
73 3 0.192538 
73 4 0.669422 
73 5 0.0666215 
73 6 0.658666 
73 7 0.380975 
73 8 0.352078 
73 9 0.435376 
73 10 0.764157 
73 11 0.0533349 
73 12 0.364787 
73 13 0.0494719 
73 14 0.688674 
73 15 0.502478 
73 16 0.747195 
73 17 0.664596 
73 18 0.0851976 
73 19 0.0461662 
73 20 0.555777 
73 21 0.657044 
73 22 0.137079 
73 23 0.726182 
73 24 0.55832 
73 25 0.737758 
73 26 0.557035 
73 27 0.248372 
73 28 0.156057 
73 29 0.373567 
73 30 0.544652 
73 31 0.65484 
73 32 0.263976 
73 33 0.580388 
73 34 0.0349215 
73 35 0.469471 
73 36 0.0677219 
73 37 0.781 
73 38 0.654628 
73 39 0.665501 
73 40 0.544447 
73 41 0.716528 
73 42 0.658593 
73 43 0.596991 
73 44 0.624744 
73 45 0.119731 
73 46 0.61321 
73 47 0.480494 
73 48 0.545313 
73 49 0.246755 
73 50 0.727906 
73 51 0.00389647 
73 52 0.0582621 
73 53 0.290957 
73 54 0.595716 
73 55 0.657232 
73 56 0.54123 
73 57 0.498585 
73 58 0.528119 
73 59 0.246581 
73 60 0.619683 
73 61 0.629634 
73 62 0.331308 
73 63 0.449836 
73 64 0.284366 
73 65 0.113164 
73 66 0.55909 
73 67 0.551711 
73 68 0.0845134 
73 69 0.709595 
73 70 0.142328 
73 71 0.562423 
73 72 0.500093 
73 73 0.23628 
73 74 0.623021 
73 75 0.127401 
73 76 0.546249 
73 77 0.0930841 
73 78 0.435353 
73 79 0.622057 
73 80 0.695719 
73 81 0.120149 
73 82 0.0987123 
73 83 0.363418 
73 84 0.187742 
73 85 0.729858 
73 86 0.753634 
73 87 0.43563 
73 88 0.360675 
73 89 0.4879 
73 90 0.462678 
73 91 0.786466 
73 92 0.687783 
73 93 0.66732 
73 94 0.556263 
73 95 0.408301 
73 96 0.222167 
73 97 0.793083 
73 98 0.64221 
73 99 0.0275413 
