38 0 0.608478 
38 1 0.499309 
38 2 0.296783 
38 3 0.324502 
38 4 0.318944 
38 5 0.550764 
38 6 0.662234 
38 7 0.207167 
38 8 0.208637 
38 9 0.305197 
38 10 0.0696147 
38 11 0.276284 
38 12 0.257688 
38 13 0.444018 
38 14 0.386176 
38 15 0.267887 
38 16 0.499417 
38 17 0.231063 
38 18 0.0463592 
38 19 0.256441 
38 20 0.111326 
38 21 0.427011 
38 22 0.267708 
38 23 0.446228 
38 24 0.788835 
38 25 0.709045 
38 26 0.483135 
38 27 0.0304402 
38 28 0.529013 
38 29 0.278023 
38 30 0.326886 
38 31 0.145904 
38 32 0.73422 
38 33 0.743701 
38 34 0.606081 
38 35 0.302139 
38 36 0.625909 
38 37 0.742869 
38 38 0.456744 
38 39 0.0062863 
38 40 0.675233 
38 41 0.0869194 
38 42 0.622651 
38 43 0.548435 
38 44 0.135987 
38 45 0.318342 
38 46 0.0253045 
38 47 0.0271647 
38 48 0.243079 
38 49 0.151031 
38 50 0.263576 
38 51 0.120734 
38 52 0.0666456 
38 53 0.706331 
38 54 0.789909 
38 55 0.442219 
38 56 0.472482 
38 57 0.573447 
38 58 0.694086 
38 59 0.592778 
38 60 0.245953 
38 61 0.62088 
38 62 0.295822 
38 63 0.0389112 
38 64 0.0733782 
38 65 0.671032 
38 66 0.083595 
38 67 0.402557 
38 68 0.253336 
38 69 0.561241 
38 70 0.786621 
38 71 0.204971 
38 72 0.340518 
38 73 0.582972 
38 74 0.468759 
38 75 0.174992 
38 76 0.689914 
38 77 0.154529 
38 78 0.690291 
38 79 0.287574 
38 80 0.125934 
38 81 0.528992 
38 82 0.716727 
38 83 0.375657 
38 84 0.312417 
38 85 0.381293 
38 86 0.041689 
38 87 0.526766 
38 88 0.470122 
38 89 0.324757 
38 90 0.321782 
38 91 0.267571 
38 92 0.304495 
38 93 0.252059 
38 94 0.223381 
38 95 0.21622 
38 96 0.328821 
38 97 0.477467 
38 98 0.255399 
38 99 0.680223 
