93 0 0.0717437 
93 1 0.071779 
93 2 0.642902 
93 3 0.665595 
93 4 0.405255 
93 5 0.141954 
93 6 0.0177042 
93 7 0.33584 
93 8 0.165301 
93 9 0.437832 
93 10 0.173072 
93 11 0.767743 
93 12 0.566121 
93 13 0.272634 
93 14 0.153735 
93 15 0.195256 
93 16 0.473882 
93 17 0.571316 
93 18 0.53134 
93 19 0.641225 
93 20 0.0859824 
93 21 0.418594 
93 22 0.33198 
93 23 0.697611 
93 24 0.593444 
93 25 0.46337 
93 26 0.443029 
93 27 0.299572 
93 28 0.0888661 
93 29 0.602383 
93 30 0.346978 
93 31 0.586559 
93 32 0.486816 
93 33 0.624256 
93 34 0.713518 
93 35 0.454465 
93 36 0.222526 
93 37 0.757886 
93 38 0.468475 
93 39 0.186565 
93 40 0.60636 
93 41 0.149912 
93 42 0.76385 
93 43 0.339115 
93 44 0.104246 
93 45 0.359043 
93 46 0.764496 
93 47 0.686478 
93 48 0.367423 
93 49 0.266805 
93 50 0.731005 
93 51 0.353939 
93 52 0.383038 
93 53 0.219668 
93 54 0.262784 
93 55 0.0121146 
93 56 0.648989 
93 57 0.337069 
93 58 0.616786 
93 59 0.451437 
93 60 0.198898 
93 61 0.300416 
93 62 0.437816 
93 63 0.640519 
93 64 0.117485 
93 65 0.0734661 
93 66 0.208341 
93 67 0.574862 
93 68 0.0244468 
93 69 0.334323 
93 70 0.73493 
93 71 0.476524 
93 72 0.0726949 
93 73 0.126521 
93 74 0.50883 
93 75 0.772158 
93 76 0.750534 
93 77 0.0337354 
93 78 0.517814 
93 79 0.436485 
93 80 0.637215 
93 81 0.567959 
93 82 0.415667 
93 83 0.317427 
93 84 0.429707 
93 85 0.0146951 
93 86 0.604953 
93 87 0.314192 
93 88 0.285232 
93 89 0.634569 
93 90 0.57323 
93 91 0.364942 
93 92 0.526178 
93 93 0.56071 
93 94 0.566982 
93 95 0.618134 
93 96 0.466501 
93 97 0.262894 
93 98 0.335689 
93 99 0.602522 
