41 0 0.745909 
41 1 0.567901 
41 2 0.328947 
41 3 0.275072 
41 4 0.787357 
41 5 0.40655 
41 6 0.203907 
41 7 0.444775 
41 8 0.554552 
41 9 0.23065 
41 10 0.513124 
41 11 0.665797 
41 12 0.467214 
41 13 0.152185 
41 14 0.467211 
41 15 0.616491 
41 16 0.771983 
41 17 0.771534 
41 18 0.0813903 
41 19 0.77786 
41 20 0.241169 
41 21 0.27442 
41 22 0.439315 
41 23 0.340782 
41 24 0.736742 
41 25 0.63822 
41 26 0.610941 
41 27 0.157147 
41 28 0.0504597 
41 29 0.640929 
41 30 0.519177 
41 31 0.760348 
41 32 0.714832 
41 33 0.659336 
41 34 0.133326 
41 35 0.567697 
41 36 0.742244 
41 37 0.226557 
41 38 0.237908 
41 39 0.244183 
41 40 0.156995 
41 41 0.334815 
41 42 0.554113 
41 43 0.303454 
41 44 0.73309 
41 45 0.184315 
41 46 0.613858 
41 47 0.641331 
41 48 0.277559 
41 49 0.626824 
41 50 0.210064 
41 51 0.699998 
41 52 0.197371 
41 53 0.464091 
41 54 0.57258 
41 55 0.698068 
41 56 0.655413 
41 57 0.765445 
41 58 0.0941986 
41 59 0.448569 
41 60 0.216052 
41 61 0.190356 
41 62 0.686246 
41 63 0.688885 
41 64 0.23927 
41 65 0.662732 
41 66 0.630359 
41 67 0.124522 
41 68 0.103897 
41 69 0.0424522 
41 70 0.158376 
41 71 0.607367 
41 72 0.0203685 
41 73 0.65816 
41 74 0.525953 
41 75 0.209269 
41 76 0.456751 
41 77 0.629612 
41 78 0.67547 
41 79 0.477529 
41 80 0.368662 
41 81 0.461408 
41 82 0.338154 
41 83 0.671506 
41 84 0.741352 
41 85 0.114826 
41 86 0.144889 
41 87 0.227751 
41 88 0.0457392 
41 89 0.0805447 
41 90 0.440185 
41 91 0.21183 
41 92 0.422933 
41 93 0.0179803 
41 94 0.522249 
41 95 0.18417 
41 96 0.43733 
41 97 0.143395 
41 98 0.579497 
41 99 0.588165 
