47 0 0.525367 
47 1 0.0255148 
47 2 0.0558917 
47 3 0.32416 
47 4 0.688609 
47 5 0.436515 
47 6 0.277215 
47 7 0.759464 
47 8 0.383652 
47 9 0.33856 
47 10 0.56202 
47 11 0.481022 
47 12 0.229377 
47 13 0.720397 
47 14 0.380734 
47 15 0.741345 
47 16 0.0834794 
47 17 0.67662 
47 18 0.00510418 
47 19 0.595219 
47 20 0.186591 
47 21 0.549076 
47 22 0.333985 
47 23 0.360371 
47 24 0.428867 
47 25 0.0641508 
47 26 0.350989 
47 27 0.0701188 
47 28 0.629478 
47 29 0.400565 
47 30 0.783007 
47 31 0.763991 
47 32 0.106398 
47 33 0.566162 
47 34 0.329336 
47 35 0.636694 
47 36 0.223359 
47 37 0.00259387 
47 38 0.546225 
47 39 0.499126 
47 40 0.0744664 
47 41 0.183954 
47 42 0.441502 
47 43 0.49843 
47 44 0.0990216 
47 45 0.371794 
47 46 0.192981 
47 47 0.194873 
47 48 0.334794 
47 49 0.670486 
47 50 0.203589 
47 51 0.145302 
47 52 0.523606 
47 53 0.047079 
47 54 0.747846 
47 55 0.0974884 
47 56 0.711087 
47 57 0.735004 
47 58 0.601892 
47 59 0.487959 
47 60 0.279198 
47 61 0.596645 
47 62 0.162406 
47 63 0.154887 
47 64 0.796627 
47 65 0.244152 
47 66 0.681029 
47 67 0.177674 
47 68 0.370571 
47 69 0.0780381 
47 70 0.0360663 
47 71 0.00490066 
47 72 0.280295 
47 73 0.532654 
47 74 0.028614 
47 75 0.0271376 
47 76 0.486081 
47 77 0.30745 
47 78 0.0894892 
47 79 0.723608 
47 80 0.403208 
47 81 0.750264 
47 82 0.399269 
47 83 0.257896 
47 84 0.524685 
47 85 0.57366 
47 86 0.108523 
47 87 0.084727 
47 88 0.0409973 
47 89 0.791421 
47 90 0.177869 
47 91 0.152784 
47 92 0.0917895 
47 93 0.328621 
47 94 0.213143 
47 95 0.00700859 
47 96 0.340286 
47 97 0.526369 
47 98 0.208292 
47 99 0.326951 
