28 0 0.747186 
28 1 0.197555 
28 2 0.0596082 
28 3 0.280905 
28 4 0.657514 
28 5 0.230674 
28 6 0.0468677 
28 7 0.0683511 
28 8 0.508398 
28 9 0.39063 
28 10 0.0034999 
28 11 0.310839 
28 12 0.567318 
28 13 0.713329 
28 14 0.152923 
28 15 0.368146 
28 16 0.360278 
28 17 0.703219 
28 18 0.28021 
28 19 0.145604 
28 20 0.24909 
28 21 0.457123 
28 22 0.489227 
28 23 0.418595 
28 24 0.489492 
28 25 0.030418 
28 26 0.268459 
28 27 0.152354 
28 28 0.693147 
28 29 0.742546 
28 30 0.452429 
28 31 0.654033 
28 32 0.410795 
28 33 0.744656 
28 34 0.0770519 
28 35 0.0660734 
28 36 0.588071 
28 37 0.425746 
28 38 0.112519 
28 39 0.136545 
28 40 0.0770571 
28 41 0.144245 
28 42 0.229615 
28 43 0.0495629 
28 44 0.0311417 
28 45 0.777538 
28 46 0.632733 
28 47 0.691936 
28 48 0.489535 
28 49 0.0295286 
28 50 0.195844 
28 51 0.0415439 
28 52 0.272727 
28 53 0.438557 
28 54 0.770557 
28 55 0.615658 
28 56 0.109412 
28 57 0.177492 
28 58 0.0634073 
28 59 0.291106 
28 60 0.670435 
28 61 0.779882 
28 62 0.784943 
28 63 0.65428 
28 64 0.645439 
28 65 0.00241146 
28 66 0.518861 
28 67 0.366474 
28 68 0.515691 
28 69 0.129404 
28 70 0.0265222 
28 71 0.667001 
28 72 0.723472 
28 73 0.0616445 
28 74 0.32021 
28 75 0.727515 
28 76 0.0812299 
28 77 0.023296 
28 78 0.330403 
28 79 0.343302 
28 80 0.525401 
28 81 0.765102 
28 82 0.0571189 
28 83 0.0878084 
28 84 0.683278 
28 85 0.0568399 
28 86 0.486878 
28 87 0.543338 
28 88 0.0226296 
28 89 0.308439 
28 90 0.345963 
28 91 0.789965 
28 92 0.0957122 
28 93 0.096543 
28 94 0.658733 
28 95 0.0219999 
28 96 0.800002 
28 97 0.726325 
28 98 0.79917 
28 99 0.447176 
