34 0 0.250506 
34 1 0.2502 
34 2 0.0700226 
34 3 0.611983 
34 4 0.306432 
34 5 0.297593 
34 6 0.706393 
34 7 0.113 
34 8 0.251985 
34 9 0.679838 
34 10 0.407946 
34 11 0.344054 
34 12 0.601475 
34 13 0.158143 
34 14 0.307002 
34 15 0.204897 
34 16 0.67176 
34 17 0.787427 
34 18 0.40497 
34 19 0.199609 
34 20 0.763898 
34 21 0.377191 
34 22 0.729994 
34 23 0.40337 
34 24 0.125275 
34 25 0.287626 
34 26 0.285023 
34 27 0.660705 
34 28 0.731731 
34 29 0.475687 
34 30 0.172383 
34 31 0.789359 
34 32 0.219319 
34 33 0.343921 
34 34 0.199865 
34 35 0.290943 
34 36 0.354279 
34 37 0.120539 
34 38 0.56719 
34 39 0.725384 
34 40 0.45749 
34 41 0.344899 
34 42 0.583636 
34 43 0.114826 
34 44 0.053598 
34 45 0.604073 
34 46 0.579295 
34 47 0.534106 
34 48 0.448149 
34 49 0.480147 
34 50 0.197145 
34 51 0.0910494 
34 52 0.689866 
34 53 0.0676317 
34 54 0.236834 
34 55 0.118957 
34 56 0.601891 
34 57 0.577177 
34 58 0.307896 
34 59 0.789949 
34 60 0.542865 
34 61 0.156469 
34 62 0.574732 
34 63 0.414056 
34 64 0.516649 
34 65 0.501225 
34 66 0.703642 
34 67 0.111397 
34 68 0.136132 
34 69 0.536342 
34 70 0.116504 
34 71 0.563095 
34 72 0.529745 
34 73 0.0968884 
34 74 0.188617 
34 75 0.530482 
34 76 0.414438 
34 77 0.283315 
34 78 0.246225 
34 79 0.181199 
34 80 0.73524 
34 81 0.424665 
34 82 0.65247 
34 83 0.6032 
34 84 0.701337 
34 85 0.617805 
34 86 0.678684 
34 87 0.715234 
34 88 0.542329 
34 89 0.173343 
34 90 0.00257005 
34 91 0.767312 
34 92 0.0362289 
34 93 0.0221034 
34 94 0.775857 
34 95 0.497688 
34 96 0.759429 
34 97 0.791834 
34 98 0.767536 
34 99 0.0512709 
