91 0 0.634107 
91 1 0.0327838 
91 2 0.42046 
91 3 0.344494 
91 4 0.0650228 
91 5 0.386256 
91 6 0.392384 
91 7 0.0899951 
91 8 0.767075 
91 9 0.514726 
91 10 0.0702764 
91 11 0.410868 
91 12 0.183029 
91 13 0.398284 
91 14 0.285156 
91 15 0.657789 
91 16 0.451485 
91 17 0.0722268 
91 18 0.561466 
91 19 0.43551 
91 20 0.181463 
91 21 0.00250652 
91 22 0.107433 
91 23 0.59671 
91 24 0.661569 
91 25 0.761507 
91 26 0.256098 
91 27 0.598956 
91 28 0.377033 
91 29 0.175595 
91 30 0.0345765 
91 31 0.0971628 
91 32 0.592804 
91 33 0.370337 
91 34 0.719191 
91 35 0.46231 
91 36 0.428043 
91 37 0.512774 
91 38 0.439169 
91 39 0.182355 
91 40 0.748443 
91 41 0.757295 
91 42 0.0118171 
91 43 0.616042 
91 44 0.163763 
91 45 0.718938 
91 46 0.335579 
91 47 0.453044 
91 48 0.735785 
91 49 0.0304964 
91 50 0.776598 
91 51 0.32142 
91 52 0.474431 
91 53 0.369666 
91 54 0.457111 
91 55 0.20662 
91 56 0.610858 
91 57 0.251327 
91 58 0.56068 
91 59 0.601736 
91 60 0.685772 
91 61 0.743925 
91 62 0.336176 
91 63 0.72319 
91 64 0.756314 
91 65 0.105347 
91 66 0.481782 
91 67 0.499422 
91 68 0.252327 
91 69 0.342844 
91 70 0.0842767 
91 71 0.172688 
91 72 0.488382 
91 73 0.544227 
91 74 0.703065 
91 75 0.696455 
91 76 0.209819 
91 77 0.661192 
91 78 0.570536 
91 79 0.513697 
91 80 0.663727 
91 81 0.675135 
91 82 0.710072 
91 83 0.787236 
91 84 0.0451876 
91 85 0.262977 
91 86 0.351236 
91 87 0.3335 
91 88 0.660868 
91 89 0.168383 
91 90 0.610467 
91 91 0.577885 
91 92 0.188025 
91 93 0.180726 
91 94 0.312943 
91 95 0.618199 
91 96 0.568988 
91 97 0.628942 
91 98 0.603461 
91 99 0.75756 
