22 0 0.709517 
22 1 0.663694 
22 2 0.518222 
22 3 0.353422 
22 4 0.0992774 
22 5 0.585605 
22 6 0.0899449 
22 7 0.753655 
22 8 0.0640634 
22 9 0.528563 
22 10 0.172069 
22 11 0.556976 
22 12 0.254364 
22 13 0.316528 
22 14 0.364432 
22 15 0.601177 
22 16 0.128722 
22 17 0.085702 
22 18 0.128677 
22 19 0.08043 
22 20 0.364719 
22 21 0.377653 
22 22 0.507681 
22 23 0.0870124 
22 24 0.751662 
22 25 0.110068 
22 26 0.207368 
22 27 0.257795 
22 28 0.29684 
22 29 0.576745 
22 30 0.0104502 
22 31 0.583632 
22 32 0.238318 
22 33 0.730356 
22 34 0.49815 
22 35 0.00858149 
22 36 0.616034 
22 37 0.623308 
22 38 0.357808 
22 39 0.626745 
22 40 0.503407 
22 41 0.0528994 
22 42 0.719274 
22 43 0.707145 
22 44 0.583888 
22 45 0.544085 
22 46 0.397863 
22 47 0.635582 
22 48 0.746224 
22 49 0.73353 
22 50 0.118693 
22 51 0.624058 
22 52 0.299611 
22 53 0.0229052 
22 54 0.754957 
22 55 0.031484 
22 56 0.0794946 
22 57 0.753807 
22 58 0.261836 
22 59 0.332325 
22 60 0.18504 
22 61 0.158072 
22 62 0.659097 
22 63 0.140117 
22 64 0.672782 
22 65 0.110444 
22 66 0.784829 
22 67 0.184579 
22 68 0.0404974 
22 69 0.0317641 
22 70 0.629972 
22 71 0.33465 
22 72 0.00760153 
22 73 0.350316 
22 74 0.719325 
22 75 0.105655 
22 76 0.228919 
22 77 0.091813 
22 78 0.0741976 
22 79 0.785827 
22 80 0.425672 
22 81 0.134777 
22 82 0.789386 
22 83 0.0556646 
22 84 0.61241 
22 85 0.379998 
22 86 0.229959 
22 87 0.733168 
22 88 0.646963 
22 89 0.272047 
22 90 0.752082 
22 91 0.678872 
22 92 0.505015 
22 93 0.162352 
22 94 0.606682 
22 95 0.712673 
22 96 0.466393 
22 97 0.533845 
22 98 0.630924 
22 99 0.702514 
