48 0 0.403111 
48 1 0.786865 
48 2 0.750591 
48 3 0.581186 
48 4 0.150827 
48 5 0.430789 
48 6 0.623015 
48 7 0.480574 
48 8 0.488761 
48 9 0.358018 
48 10 0.36124 
48 11 0.233582 
48 12 0.125372 
48 13 0.0181554 
48 14 0.114958 
48 15 0.167302 
48 16 0.463475 
48 17 0.216934 
48 18 0.590354 
48 19 0.592631 
48 20 0.579516 
48 21 0.794654 
48 22 0.557208 
48 23 0.287756 
48 24 0.102869 
48 25 0.627919 
48 26 0.322556 
48 27 0.65417 
48 28 0.0557969 
48 29 0.549048 
48 30 0.784376 
48 31 0.602816 
48 32 0.314362 
48 33 0.396005 
48 34 0.251314 
48 35 0.352071 
48 36 0.0500829 
48 37 0.73129 
48 38 0.108387 
48 39 0.0119092 
48 40 0.530437 
48 41 0.142515 
48 42 0.153221 
48 43 0.302644 
48 44 0.0291835 
48 45 0.710723 
48 46 0.295381 
48 47 0.783594 
48 48 0.791369 
48 49 0.254586 
48 50 0.0198017 
48 51 0.0826298 
48 52 0.679887 
48 53 0.195245 
48 54 0.777175 
48 55 0.533097 
48 56 0.535177 
48 57 0.572338 
48 58 0.0136247 
48 59 0.0268084 
48 60 0.224347 
48 61 0.531523 
48 62 0.30913 
48 63 0.280756 
48 64 0.191269 
48 65 0.563303 
48 66 0.614573 
48 67 0.135765 
48 68 0.558629 
48 69 0.710802 
48 70 0.690233 
48 71 0.67451 
48 72 0.364295 
48 73 0.449661 
48 74 0.623224 
48 75 0.00821979 
48 76 0.15405 
48 77 0.732324 
48 78 0.392814 
48 79 0.799194 
48 80 0.239522 
48 81 0.202187 
48 82 0.185634 
48 83 0.571764 
48 84 0.568848 
48 85 0.34718 
48 86 0.309208 
48 87 0.413675 
48 88 0.621466 
48 89 0.678637 
48 90 0.516021 
48 91 0.026405 
48 92 0.605938 
48 93 0.367676 
48 94 0.323531 
48 95 0.605988 
48 96 0.610053 
48 97 0.528174 
48 98 0.112226 
48 99 0.611167 
