56 0 0.428236 
56 1 0.0246009 
56 2 0.231729 
56 3 0.23307 
56 4 0.214197 
56 5 0.420276 
56 6 0.633984 
56 7 0.129979 
56 8 0.162162 
56 9 0.535298 
56 10 0.0168085 
56 11 0.225076 
56 12 0.170525 
56 13 0.19331 
56 14 0.710128 
56 15 0.467212 
56 16 0.125336 
56 17 0.24536 
56 18 0.103968 
56 19 0.466557 
56 20 0.253231 
56 21 0.325937 
56 22 0.710977 
56 23 0.114269 
56 24 0.341503 
56 25 0.430052 
56 26 0.200884 
56 27 0.677381 
56 28 0.0383689 
56 29 0.283351 
56 30 0.459178 
56 31 0.49873 
56 32 0.0331333 
56 33 0.690199 
56 34 0.348929 
56 35 0.26984 
56 36 0.710523 
56 37 0.529419 
56 38 0.029542 
56 39 0.589886 
56 40 0.318021 
56 41 0.325136 
56 42 0.136059 
56 43 0.0170954 
56 44 0.318856 
56 45 0.497227 
56 46 0.652141 
56 47 0.234336 
56 48 0.109062 
56 49 0.702673 
56 50 0.428176 
56 51 0.243204 
56 52 0.0760476 
56 53 0.0282881 
56 54 0.168578 
56 55 0.531989 
56 56 0.64427 
56 57 0.24883 
56 58 0.0294381 
56 59 0.434407 
56 60 0.630239 
56 61 0.0275857 
56 62 0.437797 
56 63 0.560736 
56 64 0.454722 
56 65 0.282005 
56 66 0.65929 
56 67 0.62443 
56 68 0.574171 
56 69 0.215577 
56 70 0.498719 
56 71 0.47894 
56 72 0.77423 
56 73 0.0787647 
56 74 0.781619 
56 75 0.695767 
56 76 0.665352 
56 77 0.654458 
56 78 0.610725 
56 79 0.0967622 
56 80 0.130904 
56 81 0.569699 
56 82 0.345086 
56 83 0.570765 
56 84 0.65687 
56 85 0.0625118 
56 86 0.53344 
56 87 0.00880243 
56 88 0.334583 
56 89 0.0759138 
56 90 0.325713 
56 91 0.00282747 
56 92 0.251252 
56 93 0.0595205 
56 94 0.386909 
56 95 0.251743 
56 96 0.301965 
56 97 0.658282 
56 98 0.15959 
56 99 0.766802 
