70 0 0.543805 
70 1 0.382821 
70 2 0.166571 
70 3 0.296523 
70 4 0.777022 
70 5 0.739975 
70 6 0.085633 
70 7 0.545158 
70 8 0.195079 
70 9 0.637558 
70 10 0.508601 
70 11 0.786686 
70 12 0.750896 
70 13 0.634044 
70 14 0.735052 
70 15 0.317001 
70 16 0.297109 
70 17 0.667441 
70 18 0.47438 
70 19 0.380615 
70 20 0.318135 
70 21 0.227295 
70 22 0.755137 
70 23 0.284405 
70 24 0.331718 
70 25 0.403478 
70 26 0.661343 
70 27 0.246614 
70 28 0.397288 
70 29 0.0155805 
70 30 0.101258 
70 31 0.025709 
70 32 0.723239 
70 33 0.74171 
70 34 0.489272 
70 35 0.532268 
70 36 0.156224 
70 37 0.760876 
70 38 0.0517114 
70 39 0.555751 
70 40 0.706094 
70 41 0.267481 
70 42 0.110669 
70 43 0.297171 
70 44 0.521775 
70 45 0.733216 
70 46 0.36237 
70 47 0.666633 
70 48 0.504605 
70 49 0.489915 
70 50 0.580169 
70 51 0.075244 
70 52 0.116574 
70 53 0.0918893 
70 54 0.753502 
70 55 0.724495 
70 56 0.652919 
70 57 0.783274 
70 58 0.505097 
70 59 0.0192012 
70 60 0.207862 
70 61 0.64802 
70 62 0.779241 
70 63 0.554897 
70 64 0.404165 
70 65 0.498996 
70 66 0.562589 
70 67 0.119926 
70 68 0.557088 
70 69 0.060049 
70 70 0.344496 
70 71 0.305593 
70 72 0.595911 
70 73 0.174779 
70 74 0.683878 
70 75 0.339819 
70 76 0.681078 
70 77 0.620683 
70 78 0.565582 
70 79 0.437068 
70 80 0.369483 
70 81 0.197353 
70 82 0.22672 
70 83 0.662396 
70 84 0.798001 
70 85 0.116452 
70 86 0.0670818 
70 87 0.712992 
70 88 0.414465 
70 89 0.654724 
70 90 0.564701 
70 91 0.195486 
70 92 0.158824 
70 93 0.155442 
70 94 0.0714185 
70 95 0.421606 
70 96 0.153039 
70 97 0.288389 
70 98 0.250191 
70 99 0.721225 
