25 0 0.0405361 
25 1 0.272695 
25 2 0.778615 
25 3 0.477295 
25 4 0.633674 
25 5 0.24244 
25 6 0.0162304 
25 7 0.108914 
25 8 0.28998 
25 9 0.466043 
25 10 0.513184 
25 11 0.635606 
25 12 0.58342 
25 13 0.457047 
25 14 0.294673 
25 15 0.450074 
25 16 0.062496 
25 17 0.707256 
25 18 0.272855 
25 19 0.353801 
25 20 0.463571 
25 21 0.543358 
25 22 0.677222 
25 23 0.218005 
25 24 0.604804 
25 25 0.0983832 
25 26 0.5145 
25 27 0.307565 
25 28 0.277272 
25 29 0.403206 
25 30 0.593977 
25 31 0.511478 
25 32 0.0617056 
25 33 0.0995421 
25 34 0.410189 
25 35 0.523188 
25 36 0.505746 
25 37 0.0398939 
25 38 0.621376 
25 39 0.430766 
25 40 0.783179 
25 41 0.414635 
25 42 0.32981 
25 43 0.308037 
25 44 0.276056 
25 45 0.312115 
25 46 0.729833 
25 47 0.563915 
25 48 0.391268 
25 49 0.412893 
25 50 0.752536 
25 51 0.162101 
25 52 0.229366 
25 53 0.509807 
25 54 0.176953 
25 55 0.39377 
25 56 0.451753 
25 57 0.102103 
25 58 0.758195 
25 59 0.0386938 
25 60 0.707224 
25 61 0.121549 
25 62 0.78692 
25 63 0.709371 
25 64 0.251439 
25 65 0.250942 
25 66 0.21211 
25 67 0.379702 
25 68 0.415621 
25 69 0.424304 
25 70 0.42485 
25 71 0.767149 
25 72 0.234348 
25 73 0.183051 
25 74 0.619368 
25 75 0.636604 
25 76 0.63778 
25 77 0.466909 
25 78 0.45506 
25 79 0.203459 
25 80 0.29628 
25 81 0.451538 
25 82 0.28387 
25 83 0.345945 
25 84 0.232795 
25 85 0.440035 
25 86 0.176014 
25 87 0.00610837 
25 88 0.0359494 
25 89 0.374469 
25 90 0.49606 
25 91 0.0333337 
25 92 0.29915 
25 93 0.76495 
25 94 0.428603 
25 95 0.539953 
25 96 0.663256 
25 97 0.137742 
25 98 0.336826 
25 99 0.257069 
