5 0 0.22234 
5 1 0.272005 
5 2 0.520504 
5 3 0.801487 
5 4 0.443539 
5 5 0.275708 
5 6 0.312837 
5 7 0.687105 
5 8 0.360251 
5 9 0.332639 
5 10 0.727247 
5 11 0.395844 
5 12 0.106992 
5 13 0.343832 
5 14 0.0720048 
5 15 0.55782 
5 16 0.265773 
5 17 0.497459 
5 18 0.520045 
5 19 0.626638 
5 20 0.303335 
5 21 0.450827 
5 22 0.64342 
5 23 0.361056 
5 24 0.634959 
5 25 0.5135 
5 26 0.283569 
5 27 0.402269 
5 28 0.187162 
5 29 0.782027 
5 30 0.017329 
5 31 0.777861 
5 32 0.322687 
5 33 0.576781 
5 34 0.450612 
5 35 0.472958 
5 36 0.175997 
5 37 0.645708 
5 38 0.260278 
5 39 0.0306955 
5 40 0.529727 
5 41 0.287267 
5 42 0.424045 
5 43 0.354078 
5 44 0.774382 
5 45 0.613075 
5 46 0.279428 
5 47 0.499827 
5 48 0.134195 
5 49 0.130019 
5 50 0.428495 
5 51 0.344828 
5 52 0.0195703 
5 53 0.656409 
5 54 0.288763 
5 55 0.683296 
5 56 0.23423 
5 57 0.0425661 
5 58 0.366203 
5 59 0.387716 
5 60 0.624268 
5 61 0.728778 
5 62 0.647268 
5 63 0.0183577 
5 64 0.701233 
5 65 0.769263 
5 66 0.403635 
5 67 0.0845427 
5 68 0.301507 
5 69 0.275558 
5 70 0.262547 
5 71 0.599635 
5 72 0.676817 
5 73 0.213548 
5 74 0.472715 
5 75 0.7121 
5 76 0.543932 
5 77 0.53011 
5 78 0.378851 
5 79 0.417272 
5 80 0.446169 
5 81 0.193401 
5 82 0.121705 
5 83 0.583887 
5 84 0.280684 
5 85 0.495993 
5 86 0.0993583 
5 87 0.432112 
5 88 0.682193 
5 89 0.705673 
5 90 0.613869 
5 91 0.186249 
5 92 0.697409 
5 93 0.0449234 
5 94 0.0342636 
5 95 0.126507 
5 96 0.522817 
5 97 0.710363 
5 98 0.59106 
5 99 0.647859 
