55 0 0.120668 
55 1 0.281503 
55 2 0.241411 
55 3 0.592477 
55 4 0.293803 
55 5 0.578229 
55 6 0.100271 
55 7 0.441026 
55 8 0.642828 
55 9 0.665715 
55 10 0.336736 
55 11 0.131462 
55 12 0.771862 
55 13 0.151285 
55 14 0.394211 
55 15 0.608506 
55 16 0.438457 
55 17 0.254052 
55 18 0.66853 
55 19 0.220816 
55 20 0.283387 
55 21 0.0107339 
55 22 0.654465 
55 23 0.326407 
55 24 0.30106 
55 25 0.657124 
55 26 0.398938 
55 27 0.485917 
55 28 0.307925 
55 29 0.0569546 
55 30 0.548561 
55 31 0.0871771 
55 32 0.325034 
55 33 0.632585 
55 34 0.445008 
55 35 0.548396 
55 36 0.295284 
55 37 0.289856 
55 38 0.0662152 
55 39 0.789309 
55 40 0.247106 
55 41 0.614223 
55 42 0.722677 
55 43 0.148259 
55 44 0.320334 
55 45 0.118744 
55 46 0.730042 
55 47 0.642797 
55 48 0.119483 
55 49 0.131087 
55 50 0.623725 
55 51 0.491293 
55 52 0.11273 
55 53 0.69822 
55 54 0.0865207 
55 55 0.353512 
55 56 0.78623 
55 57 0.239184 
55 58 0.499861 
55 59 0.409489 
55 60 0.333409 
55 61 0.0543061 
55 62 0.193541 
55 63 0.302104 
55 64 0.156345 
55 65 0.265571 
55 66 0.442852 
55 67 0.159507 
55 68 0.32881 
55 69 0.39228 
55 70 0.328267 
55 71 0.416193 
55 72 0.130411 
55 73 0.0553963 
55 74 0.429662 
55 75 0.0264472 
55 76 0.588174 
55 77 0.800344 
55 78 0.595896 
55 79 0.65209 
55 80 0.500402 
55 81 0.165149 
55 82 0.0163988 
55 83 0.37076 
55 84 0.223418 
55 85 0.351307 
55 86 0.290633 
55 87 0.664058 
55 88 0.235914 
55 89 0.109024 
55 90 0.114177 
55 91 0.140766 
55 92 0.606935 
55 93 0.73347 
55 94 0.279608 
55 95 0.370811 
55 96 0.76523 
55 97 0.234297 
55 98 0.305815 
55 99 0.239699 
