46 0 0.572514 
46 1 0.52803 
46 2 0.370551 
46 3 0.38894 
46 4 0.680724 
46 5 0.590219 
46 6 0.144731 
46 7 0.563053 
46 8 0.269119 
46 9 0.621303 
46 10 0.238692 
46 11 0.0898688 
46 12 0.392851 
46 13 0.738276 
46 14 0.312244 
46 15 0.0689891 
46 16 0.36589 
46 17 0.699341 
46 18 0.738124 
46 19 0.777803 
46 20 0.692209 
46 21 0.280684 
46 22 0.592363 
46 23 0.627536 
46 24 0.634452 
46 25 0.456978 
46 26 0.732939 
46 27 0.0622769 
46 28 0.480767 
46 29 0.413861 
46 30 0.436938 
46 31 0.47201 
46 32 0.470356 
46 33 0.656338 
46 34 0.794709 
46 35 0.156296 
46 36 0.656242 
46 37 0.455834 
46 38 0.782248 
46 39 0.41523 
46 40 0.434709 
46 41 0.654343 
46 42 0.54016 
46 43 0.182215 
46 44 0.743207 
46 45 0.580944 
46 46 0.329976 
46 47 0.252201 
46 48 0.486675 
46 49 0.363612 
46 50 0.0863904 
46 51 0.0659728 
46 52 0.580473 
46 53 0.274202 
46 54 0.427567 
46 55 0.0339868 
46 56 0.487001 
46 57 0.545751 
46 58 0.788742 
46 59 0.0229113 
46 60 0.098805 
46 61 0.170711 
46 62 0.658596 
46 63 0.465193 
46 64 0.0310324 
46 65 0.672501 
46 66 0.336709 
46 67 0.352975 
46 68 0.237105 
46 69 0.651948 
46 70 0.698458 
46 71 0.130406 
46 72 0.4962 
46 73 0.322802 
46 74 0.224972 
46 75 0.690134 
46 76 0.40312 
46 77 0.181601 
46 78 0.300163 
46 79 0.228701 
46 80 0.584634 
46 81 0.517146 
46 82 0.734976 
46 83 0.351592 
46 84 0.10596 
46 85 0.654224 
46 86 0.700927 
46 87 0.795231 
46 88 0.789155 
46 89 0.745034 
46 90 0.318323 
46 91 0.139043 
46 92 0.763842 
46 93 0.289877 
46 94 0.760295 
46 95 0.0547322 
46 96 0.273566 
46 97 0.490268 
46 98 0.125315 
46 99 0.258435 
