77 0 0.653355 
77 1 0.442775 
77 2 0.449174 
77 3 0.240761 
77 4 0.375047 
77 5 0.284975 
77 6 0.721778 
77 7 0.670316 
77 8 0.18551 
77 9 0.590963 
77 10 0.222283 
77 11 0.262268 
77 12 0.800668 
77 13 0.302241 
77 14 0.378526 
77 15 0.375381 
77 16 0.207002 
77 17 0.563144 
77 18 0.583349 
77 19 0.607189 
77 20 0.277014 
77 21 0.606681 
77 22 0.226602 
77 23 0.590139 
77 24 0.711747 
77 25 0.286403 
77 26 0.530445 
77 27 0.79237 
77 28 0.386439 
77 29 0.0310694 
77 30 0.312836 
77 31 0.00563395 
77 32 0.553036 
77 33 0.605247 
77 34 0.289513 
77 35 0.289434 
77 36 0.497491 
77 37 0.591873 
77 38 0.579757 
77 39 0.420382 
77 40 0.566324 
77 41 0.436301 
77 42 0.500732 
77 43 0.141983 
77 44 0.586362 
77 45 0.637849 
77 46 0.535411 
77 47 0.0602729 
77 48 0.413013 
77 49 0.755693 
77 50 0.149108 
77 51 0.756178 
77 52 0.462114 
77 53 0.191587 
77 54 0.729039 
77 55 0.465978 
77 56 0.499944 
77 57 0.717418 
77 58 0.478038 
77 59 0.627953 
77 60 0.0950163 
77 61 0.232778 
77 62 0.0468102 
77 63 0.233237 
77 64 0.705948 
77 65 0.792506 
77 66 0.751117 
77 67 0.555799 
77 68 0.285268 
77 69 0.790206 
77 70 0.103236 
77 71 0.500463 
77 72 0.493223 
77 73 0.432995 
77 74 0.123751 
77 75 0.515722 
77 76 0.652902 
77 77 0.722712 
77 78 0.684491 
77 79 0.701104 
77 80 0.131984 
77 81 0.38695 
77 82 0.44748 
77 83 0.290612 
77 84 0.445645 
77 85 0.778458 
77 86 0.252524 
77 87 0.191385 
77 88 0.689476 
77 89 0.797742 
77 90 0.567859 
77 91 0.365395 
77 92 0.263553 
77 93 0.561761 
77 94 0.39923 
77 95 0.148548 
77 96 0.525042 
77 97 0.555642 
77 98 0.485493 
77 99 0.406604 
