96 0 0.550224 
96 1 0.604942 
96 2 0.026803 
96 3 0.679438 
96 4 0.639226 
96 5 0.479299 
96 6 0.0565935 
96 7 0.450002 
96 8 0.585027 
96 9 0.594843 
96 10 0.322977 
96 11 0.539933 
96 12 0.167459 
96 13 0.17697 
96 14 0.368455 
96 15 0.50778 
96 16 0.351574 
96 17 0.616146 
96 18 0.243191 
96 19 0.430952 
96 20 0.181792 
96 21 0.325721 
96 22 0.800135 
96 23 0.787482 
96 24 0.181534 
96 25 0.468694 
96 26 0.636867 
96 27 0.328509 
96 28 0.488787 
96 29 0.763292 
96 30 0.24622 
96 31 0.206944 
96 32 0.519402 
96 33 0.419485 
96 34 0.10525 
96 35 0.22789 
96 36 0.331145 
96 37 0.420208 
96 38 0.713382 
96 39 0.47628 
96 40 0.637313 
96 41 0.583795 
96 42 0.660023 
96 43 0.238302 
96 44 0.152398 
96 45 0.474241 
96 46 0.480697 
96 47 0.339224 
96 48 0.632975 
96 49 0.111656 
96 50 0.492654 
96 51 0.196565 
96 52 0.185882 
96 53 0.463714 
96 54 0.305061 
96 55 0.0591142 
96 56 0.218549 
96 57 0.64118 
96 58 0.258417 
96 59 0.617154 
96 60 0.0228124 
96 61 0.567858 
96 62 0.0988831 
96 63 0.326911 
96 64 0.465782 
96 65 0.150833 
96 66 0.700182 
96 67 0.332441 
96 68 0.779157 
96 69 0.700561 
96 70 0.578639 
96 71 0.0406116 
96 72 0.216055 
96 73 0.187571 
96 74 0.0814832 
96 75 0.502726 
96 76 0.319563 
96 77 0.315733 
96 78 0.356155 
96 79 0.636451 
96 80 0.378516 
96 81 0.0356669 
96 82 0.350896 
96 83 0.561737 
96 84 0.628649 
96 85 0.68367 
96 86 0.144237 
96 87 0.530762 
96 88 0.294179 
96 89 0.310238 
96 90 0.734898 
96 91 0.208391 
96 92 0.0955144 
96 93 0.508232 
96 94 0.5716 
96 95 0.630087 
96 96 0.238432 
96 97 0.168421 
96 98 0.693451 
96 99 0.322279 
