97 0 0.453694 
97 1 0.349171 
97 2 0.0357567 
97 3 0.14181 
97 4 0.623858 
97 5 0.447244 
97 6 0.639856 
97 7 0.437654 
97 8 0.125342 
97 9 0.327743 
97 10 0.593949 
97 11 0.275498 
97 12 0.100067 
97 13 0.225139 
97 14 0.00992192 
97 15 0.79193 
97 16 0.669429 
97 17 0.598911 
97 18 0.562589 
97 19 0.246993 
97 20 0.318483 
97 21 0.757815 
97 22 0.00296205 
97 23 0.436159 
97 24 0.726865 
97 25 0.719644 
97 26 0.782801 
97 27 0.166578 
97 28 0.0768662 
97 29 0.242693 
97 30 0.159182 
97 31 0.443156 
97 32 0.423307 
97 33 0.589475 
97 34 0.202558 
97 35 0.735321 
97 36 0.15488 
97 37 0.557456 
97 38 0.41522 
97 39 0.564162 
97 40 0.382434 
97 41 0.0399183 
97 42 0.799319 
97 43 0.242421 
97 44 0.0730104 
97 45 0.357398 
97 46 0.351264 
97 47 0.26194 
97 48 0.502369 
97 49 0.23222 
97 50 0.274692 
97 51 0.0654954 
97 52 0.618616 
97 53 0.247774 
97 54 0.419851 
97 55 0.0151621 
97 56 0.402206 
97 57 0.0526159 
97 58 0.725932 
97 59 0.537406 
97 60 0.309223 
97 61 0.761302 
97 62 0.145467 
97 63 0.225477 
97 64 0.0454772 
97 65 0.326616 
97 66 0.371442 
97 67 0.285356 
97 68 0.153908 
97 69 0.421294 
97 70 0.734521 
97 71 0.0614369 
97 72 0.342317 
97 73 0.515944 
97 74 0.30411 
97 75 0.786692 
97 76 0.174988 
97 77 0.672791 
97 78 0.454044 
97 79 0.130167 
97 80 0.488692 
97 81 0.148476 
97 82 0.711225 
97 83 0.472229 
97 84 0.0624716 
97 85 0.556356 
97 86 0.253065 
97 87 0.252142 
97 88 0.619846 
97 89 0.647064 
97 90 0.553704 
97 91 0.215165 
97 92 0.189915 
97 93 0.173847 
97 94 0.0192991 
97 95 0.38747 
97 96 0.214767 
97 97 0.718917 
97 98 0.371502 
97 99 0.190643 
