63 0 0.23221 
63 1 0.0861291 
63 2 0.629074 
63 3 0.785779 
63 4 0.271558 
63 5 0.188561 
63 6 0.791447 
63 7 0.0252458 
63 8 0.584374 
63 9 0.34603 
63 10 0.322528 
63 11 0.732741 
63 12 0.716829 
63 13 0.781429 
63 14 0.410034 
63 15 0.485989 
63 16 0.649418 
63 17 0.789999 
63 18 0.52403 
63 19 0.681377 
63 20 0.403349 
63 21 0.630795 
63 22 0.322601 
63 23 0.73976 
63 24 0.489934 
63 25 0.772007 
63 26 0.48152 
63 27 0.473473 
63 28 0.206457 
63 29 0.0196937 
63 30 0.224098 
63 31 0.143117 
63 32 0.0689395 
63 33 0.644538 
63 34 0.318143 
63 35 0.654604 
63 36 0.223238 
63 37 0.150971 
63 38 0.0824989 
63 39 0.546546 
63 40 0.0804701 
63 41 0.516419 
63 42 0.691712 
63 43 0.646433 
63 44 0.446705 
63 45 0.201112 
63 46 0.213554 
63 47 0.730852 
63 48 0.373869 
63 49 0.223967 
63 50 0.202749 
63 51 0.320637 
63 52 0.524733 
63 53 0.320414 
63 54 0.346978 
63 55 0.680061 
63 56 0.299238 
63 57 0.433846 
63 58 0.775664 
63 59 0.199302 
63 60 0.0825456 
63 61 0.289688 
63 62 0.0434244 
63 63 0.570364 
63 64 0.111235 
63 65 0.368566 
63 66 0.421145 
63 67 0.428886 
63 68 0.552298 
63 69 0.19784 
63 70 0.412056 
63 71 0.400053 
63 72 0.17293 
63 73 0.636344 
63 74 0.497609 
63 75 0.147157 
63 76 0.182691 
63 77 0.438581 
63 78 0.196504 
63 79 0.378796 
63 80 0.296454 
63 81 0.283192 
63 82 0.697708 
63 83 0.534455 
63 84 0.121721 
63 85 0.789152 
63 86 0.210249 
63 87 0.534018 
63 88 0.234899 
63 89 0.462702 
63 90 0.715804 
63 91 0.335708 
63 92 0.490291 
63 93 0.329284 
63 94 0.345378 
63 95 0.401427 
63 96 0.474929 
63 97 0.158335 
63 98 0.335934 
63 99 0.52494 
