62 0 0.433577 
62 1 0.158612 
62 2 0.415198 
62 3 0.18701 
62 4 0.191432 
62 5 0.641335 
62 6 0.554703 
62 7 0.663762 
62 8 0.61732 
62 9 0.456058 
62 10 0.459597 
62 11 0.593667 
62 12 0.720217 
62 13 0.602622 
62 14 0.321527 
62 15 0.193668 
62 16 0.707832 
62 17 0.163366 
62 18 0.14223 
62 19 0.0971006 
62 20 0.747281 
62 21 0.175076 
62 22 0.531459 
62 23 0.0771122 
62 24 0.500015 
62 25 0.626806 
62 26 0.42435 
62 27 0.142629 
62 28 0.309713 
62 29 0.245676 
62 30 0.749391 
62 31 0.573485 
62 32 0.367149 
62 33 0.0294062 
62 34 0.346716 
62 35 0.389425 
62 36 0.380775 
62 37 0.707987 
62 38 0.413935 
62 39 0.0773983 
62 40 0.0878536 
62 41 0.791115 
62 42 0.430202 
62 43 0.442824 
62 44 0.717651 
62 45 0.0797658 
62 46 0.165714 
62 47 0.339256 
62 48 0.387505 
62 49 0.298625 
62 50 0.747494 
62 51 0.415303 
62 52 0.728714 
62 53 0.754924 
62 54 0.770048 
62 55 0.764636 
62 56 0.066638 
62 57 0.648403 
62 58 0.0580385 
62 59 0.694755 
62 60 0.0853485 
62 61 0.632488 
62 62 0.179545 
62 63 0.502496 
62 64 0.0299888 
62 65 0.716854 
62 66 0.441964 
62 67 0.590821 
62 68 0.394779 
62 69 0.731574 
62 70 0.00447167 
62 71 0.459484 
62 72 0.0469757 
62 73 0.522138 
62 74 0.241674 
62 75 0.458103 
62 76 0.322353 
62 77 0.430563 
62 78 0.726093 
62 79 0.46071 
62 80 0.0161259 
62 81 0.339269 
62 82 0.723256 
62 83 0.329255 
62 84 0.226432 
62 85 0.217374 
62 86 0.0442053 
62 87 0.337962 
62 88 0.407044 
62 89 0.405967 
62 90 0.336637 
62 91 0.305313 
62 92 0.656069 
62 93 0.101002 
62 94 0.271908 
62 95 0.109571 
62 96 0.0960608 
62 97 0.768007 
62 98 0.21383 
62 99 0.636915 
