0 80 0.574242 
1 80 0.20133 
2 80 0.329224 
3 80 0.243135 
4 80 0.384765 
5 80 0.446169 
6 80 0.0332558 
7 80 0.51878 
8 80 0.521089 
9 80 0.746805 
10 80 0.091485 
11 80 0.401725 
12 80 0.244865 
13 80 0.475877 
14 80 0.576527 
15 80 0.5514 
16 80 0.519238 
17 80 0.0759472 
18 80 0.0657828 
19 80 0.0243617 
20 80 0.174961 
21 80 0.0458711 
22 80 0.425672 
23 80 0.446813 
24 80 0.432383 
25 80 0.29628 
26 80 0.176606 
27 80 0.113253 
28 80 0.525401 
29 80 0.543584 
30 80 0.649117 
31 80 0.698404 
32 80 0.544961 
33 80 0.571324 
34 80 0.73524 
35 80 0.103605 
36 80 0.408707 
37 80 0.474636 
38 80 0.125934 
39 80 0.091809 
40 80 0.106117 
41 80 0.368662 
42 80 0.322687 
43 80 0.267552 
44 80 0.434925 
45 80 0.769346 
46 80 0.584634 
47 80 0.403208 
48 80 0.239522 
49 80 0.416099 
50 80 0.61481 
51 80 0.595134 
52 80 0.393152 
53 80 0.22996 
54 80 0.596295 
55 80 0.500402 
56 80 0.130904 
57 80 0.609314 
58 80 0.550292 
59 80 0.744547 
60 80 0.584829 
61 80 0.200142 
62 80 0.0161259 
63 80 0.296454 
64 80 0.495677 
65 80 0.252667 
66 80 0.313776 
67 80 0.577275 
68 80 0.377012 
69 80 0.283493 
70 80 0.369483 
71 80 0.144941 
72 80 0.469424 
73 80 0.695719 
74 80 0.0556107 
75 80 0.62951 
76 80 0.638498 
77 80 0.131984 
78 80 0.348578 
79 80 0.434132 
80 80 0.449841 
81 80 0.0396308 
82 80 0.431193 
83 80 0.588317 
84 80 0.770985 
85 80 0.174945 
86 80 0.363157 
87 80 0.628256 
88 80 0.732109 
89 80 0.627225 
90 80 0.0696175 
91 80 0.663727 
92 80 0.223521 
93 80 0.637215 
94 80 0.738776 
95 80 0.635912 
96 80 0.378516 
97 80 0.488692 
98 80 0.52342 
99 80 0.111029 
