0 38 0.305946 
1 38 0.344198 
2 38 0.0589192 
3 38 0.0447269 
4 38 0.307211 
5 38 0.260278 
6 38 0.0884084 
7 38 0.232645 
8 38 0.195153 
9 38 0.740727 
10 38 0.0857703 
11 38 0.526654 
12 38 0.155425 
13 38 0.197814 
14 38 0.508467 
15 38 0.668668 
16 38 0.416566 
17 38 0.101425 
18 38 0.737592 
19 38 0.245753 
20 38 0.416152 
21 38 0.0384615 
22 38 0.357808 
23 38 0.538065 
24 38 0.254738 
25 38 0.621376 
26 38 0.520223 
27 38 0.316567 
28 38 0.112519 
29 38 0.740274 
30 38 0.638595 
31 38 0.0989762 
32 38 0.720229 
33 38 0.792089 
34 38 0.56719 
35 38 0.446898 
36 38 0.302655 
37 38 0.213941 
38 38 0.456744 
39 38 0.245647 
40 38 0.449264 
41 38 0.237908 
42 38 0.598166 
43 38 0.388594 
44 38 0.607985 
45 38 0.676523 
46 38 0.782248 
47 38 0.546225 
48 38 0.108387 
49 38 0.491778 
50 38 0.310896 
51 38 0.761866 
52 38 0.120492 
53 38 0.268177 
54 38 0.750286 
55 38 0.0662152 
56 38 0.029542 
57 38 0.0843939 
58 38 0.32671 
59 38 0.222153 
60 38 0.172694 
61 38 0.213755 
62 38 0.413935 
63 38 0.0824989 
64 38 0.192797 
65 38 0.317313 
66 38 0.31074 
67 38 0.23742 
68 38 0.790934 
69 38 0.404702 
70 38 0.0517114 
71 38 0.574463 
72 38 0.0502285 
73 38 0.654628 
74 38 0.265336 
75 38 0.46911 
76 38 0.669061 
77 38 0.579757 
78 38 0.607951 
79 38 0.671468 
80 38 0.180526 
81 38 0.154325 
82 38 0.563247 
83 38 0.797326 
84 38 0.434538 
85 38 0.572191 
86 38 0.079287 
87 38 0.623647 
88 38 0.778118 
89 38 0.087103 
90 38 0.622322 
91 38 0.439169 
92 38 0.11813 
93 38 0.468475 
94 38 0.187541 
95 38 0.0964043 
96 38 0.713382 
97 38 0.41522 
98 38 0.145191 
99 38 0.0790817 
