0 24 0.0568883 
1 24 0.334421 
2 24 0.70662 
3 24 0.573232 
4 24 0.40199 
5 24 0.634959 
6 24 0.09535 
7 24 0.324361 
8 24 0.780389 
9 24 0.778481 
10 24 0.71184 
11 24 0.554156 
12 24 0.255854 
13 24 0.497594 
14 24 0.774829 
15 24 0.571891 
16 24 0.737748 
17 24 0.324232 
18 24 0.795248 
19 24 0.00916027 
20 24 0.575346 
21 24 0.106743 
22 24 0.751662 
23 24 0.607879 
24 24 0.541194 
25 24 0.604804 
26 24 0.299363 
27 24 0.0671166 
28 24 0.489492 
29 24 0.786051 
30 24 0.0864353 
31 24 0.511432 
32 24 0.308834 
33 24 0.649652 
34 24 0.125275 
35 24 0.61648 
36 24 0.536792 
37 24 0.609939 
38 24 0.788835 
39 24 0.186057 
40 24 0.175649 
41 24 0.736742 
42 24 0.630751 
43 24 0.521496 
44 24 0.477285 
45 24 0.212992 
46 24 0.634452 
47 24 0.428867 
48 24 0.102869 
49 24 0.335056 
50 24 0.236095 
51 24 0.718313 
52 24 0.583677 
53 24 0.563304 
54 24 0.742904 
55 24 0.30106 
56 24 0.341503 
57 24 0.214188 
58 24 0.296513 
59 24 0.250204 
60 24 0.26296 
61 24 0.295499 
62 24 0.500015 
63 24 0.489934 
64 24 0.695433 
65 24 0.321944 
66 24 0.678747 
67 24 0.607735 
68 24 0.10394 
69 24 0.659899 
70 24 0.331718 
71 24 0.71664 
72 24 0.163246 
73 24 0.55832 
74 24 0.0568931 
75 24 0.692024 
76 24 0.474659 
77 24 0.711747 
78 24 0.638689 
79 24 0.053933 
80 24 0.0727443 
81 24 0.291494 
82 24 0.333739 
83 24 0.322952 
84 24 0.576853 
85 24 0.352693 
86 24 0.754193 
87 24 0.479399 
88 24 0.440892 
89 24 0.739641 
90 24 0.679198 
91 24 0.661569 
92 24 0.745845 
93 24 0.593444 
94 24 0.359517 
95 24 0.607864 
96 24 0.181534 
97 24 0.726865 
98 24 0.0207581 
99 24 0.511022 
