0 9 0.432365 
1 9 0.650914 
2 9 0.557163 
3 9 0.67971 
4 9 0.0620699 
5 9 0.332639 
6 9 0.287499 
7 9 0.147262 
8 9 0.342856 
9 9 0.492818 
10 9 0.363177 
11 9 0.122331 
12 9 0.221115 
13 9 0.303033 
14 9 0.643196 
15 9 0.139019 
16 9 0.674499 
17 9 0.704406 
18 9 0.516923 
19 9 0.626767 
20 9 0.210908 
21 9 0.0745113 
22 9 0.528563 
23 9 0.614853 
24 9 0.364511 
25 9 0.466043 
26 9 0.206752 
27 9 0.690627 
28 9 0.39063 
29 9 0.0239546 
30 9 0.395777 
31 9 0.340062 
32 9 0.392437 
33 9 0.431431 
34 9 0.679838 
35 9 0.3527 
36 9 0.490663 
37 9 0.367601 
38 9 0.305197 
39 9 0.514175 
40 9 0.0153847 
41 9 0.23065 
42 9 0.179711 
43 9 0.709672 
44 9 0.0132731 
45 9 0.102872 
46 9 0.621303 
47 9 0.33856 
48 9 0.358018 
49 9 0.590497 
50 9 0.418477 
51 9 0.462951 
52 9 0.247964 
53 9 0.439939 
54 9 0.649262 
55 9 0.665715 
56 9 0.535298 
57 9 0.185822 
58 9 0.666663 
59 9 0.22728 
60 9 0.634064 
61 9 0.373624 
62 9 0.456058 
63 9 0.34603 
64 9 0.481256 
65 9 0.593055 
66 9 0.329277 
67 9 0.385456 
68 9 0.649613 
69 9 0.0902892 
70 9 0.637558 
71 9 0.793911 
72 9 0.605169 
73 9 0.435376 
74 9 0.501986 
75 9 0.0410193 
76 9 0.652799 
77 9 0.590963 
78 9 0.283388 
79 9 0.630609 
80 9 0.100248 
81 9 0.328038 
82 9 0.382297 
83 9 0.297961 
84 9 0.638817 
85 9 0.383688 
86 9 0.469803 
87 9 0.344874 
88 9 0.268445 
89 9 0.523741 
90 9 0.0419919 
91 9 0.514726 
92 9 0.0876387 
93 9 0.437832 
94 9 0.145338 
95 9 0.79459 
96 9 0.594843 
97 9 0.327743 
98 9 0.0700511 
99 9 0.751071 
