0 15 0.338747 
1 15 0.221133 
2 15 0.345264 
3 15 0.228059 
4 15 0.506351 
5 15 0.55782 
6 15 0.447885 
7 15 0.719772 
8 15 0.195041 
9 15 0.140249 
10 15 0.418373 
11 15 0.652315 
12 15 0.0237392 
13 15 0.768244 
14 15 0.759581 
15 15 0.707441 
16 15 0.7221 
17 15 0.405572 
18 15 0.335046 
19 15 0.65164 
20 15 0.561813 
21 15 0.164338 
22 15 0.601177 
23 15 0.718215 
24 15 0.706547 
25 15 0.450074 
26 15 0.447995 
27 15 0.449391 
28 15 0.368146 
29 15 0.311449 
30 15 0.530657 
31 15 0.372473 
32 15 0.230305 
33 15 0.111511 
34 15 0.204897 
35 15 0.0891151 
36 15 0.0609298 
37 15 0.481187 
38 15 0.267887 
39 15 0.31107 
40 15 0.597667 
41 15 0.616491 
42 15 0.658634 
43 15 0.3129 
44 15 0.10883 
45 15 0.783173 
46 15 0.0689891 
47 15 0.741345 
48 15 0.167302 
49 15 0.763261 
50 15 0.473468 
51 15 0.567134 
52 15 0.604093 
53 15 0.781337 
54 15 0.734764 
55 15 0.608506 
56 15 0.467212 
57 15 0.510273 
58 15 0.568123 
59 15 0.653589 
60 15 0.54976 
61 15 0.099847 
62 15 0.193668 
63 15 0.485989 
64 15 0.049525 
65 15 0.292029 
66 15 0.725903 
67 15 0.065881 
68 15 0.142799 
69 15 0.601891 
70 15 0.317001 
71 15 0.135625 
72 15 0.233879 
73 15 0.502478 
74 15 0.607645 
75 15 0.434078 
76 15 0.463641 
77 15 0.375381 
78 15 0.626773 
79 15 0.0426352 
80 15 0.178508 
81 15 0.32726 
82 15 0.507297 
83 15 0.538632 
84 15 0.0156268 
85 15 0.00980354 
86 15 0.667654 
87 15 0.335468 
88 15 0.175104 
89 15 0.483313 
90 15 0.0592561 
91 15 0.657789 
92 15 0.583408 
93 15 0.195256 
94 15 0.683933 
95 15 0.547074 
96 15 0.50778 
97 15 0.79193 
98 15 0.759086 
99 15 0.498509 
