0 5 0.461951 
1 5 0.513414 
2 5 0.534441 
3 5 0.473843 
4 5 0.189208 
5 5 0.275708 
6 5 0.0316229 
7 5 0.171545 
8 5 0.196698 
9 5 0.428504 
10 5 0.0711511 
11 5 0.0970039 
12 5 0.554381 
13 5 0.20176 
14 5 0.289205 
15 5 0.564504 
16 5 0.604254 
17 5 0.14908 
18 5 0.638756 
19 5 0.476185 
20 5 0.640908 
21 5 0.117365 
22 5 0.585605 
23 5 0.594188 
24 5 0.608096 
25 5 0.24244 
26 5 0.698035 
27 5 0.693637 
28 5 0.230674 
29 5 0.778035 
30 5 0.513781 
31 5 0.798314 
32 5 0.800227 
33 5 0.608164 
34 5 0.297593 
35 5 0.332737 
36 5 0.168418 
37 5 0.452346 
38 5 0.550764 
39 5 0.383508 
40 5 0.693591 
41 5 0.40655 
42 5 0.730506 
43 5 0.762745 
44 5 0.194239 
45 5 0.647136 
46 5 0.590219 
47 5 0.436515 
48 5 0.430789 
49 5 0.631941 
50 5 0.0342615 
51 5 0.168086 
52 5 0.595913 
53 5 0.522018 
54 5 0.392513 
55 5 0.578229 
56 5 0.420276 
57 5 0.464057 
58 5 0.0258563 
59 5 0.724886 
60 5 0.702464 
61 5 0.53653 
62 5 0.641335 
63 5 0.188561 
64 5 0.343222 
65 5 0.507255 
66 5 0.301777 
67 5 0.535742 
68 5 0.756038 
69 5 0.323775 
70 5 0.739975 
71 5 0.282758 
72 5 0.00216831 
73 5 0.0666215 
74 5 0.342623 
75 5 0.557169 
76 5 0.304365 
77 5 0.284975 
78 5 0.498266 
79 5 0.132031 
80 5 0.732864 
81 5 0.132602 
82 5 0.405181 
83 5 0.388043 
84 5 0.091775 
85 5 0.517971 
86 5 0.00407238 
87 5 0.177735 
88 5 0.71579 
89 5 0.534398 
90 5 0.544779 
91 5 0.386256 
92 5 0.261126 
93 5 0.141954 
94 5 0.179102 
95 5 0.0344174 
96 5 0.479299 
97 5 0.447244 
98 5 0.0968966 
99 5 0.0383751 
