0 41 0.310648 
1 41 0.539524 
2 41 0.546427 
3 41 0.137332 
4 41 0.10732 
5 41 0.287267 
6 41 0.0663143 
7 41 0.68408 
8 41 0.0692414 
9 41 0.693263 
10 41 0.104674 
11 41 0.465024 
12 41 0.0580828 
13 41 0.703683 
14 41 0.610604 
15 41 0.43764 
16 41 0.405819 
17 41 0.716655 
18 41 0.793672 
19 41 0.32502 
20 41 0.279696 
21 41 0.0771839 
22 41 0.0528994 
23 41 0.405932 
24 41 0.661199 
25 41 0.414635 
26 41 0.714374 
27 41 0.0679218 
28 41 0.144245 
29 41 0.424805 
30 41 0.494279 
31 41 0.788145 
32 41 0.374664 
33 41 0.327717 
34 41 0.344899 
35 41 0.591684 
36 41 0.358406 
37 41 0.295633 
38 41 0.0869194 
39 41 0.0674411 
40 41 0.710442 
41 41 0.334815 
42 41 0.175503 
43 41 0.043258 
44 41 0.700942 
45 41 0.739072 
46 41 0.654343 
47 41 0.183954 
48 41 0.142515 
49 41 0.461666 
50 41 0.669569 
51 41 0.551885 
52 41 0.135762 
53 41 0.232996 
54 41 0.409615 
55 41 0.614223 
56 41 0.325136 
57 41 0.650356 
58 41 0.700553 
59 41 0.424884 
60 41 0.45951 
61 41 0.230974 
62 41 0.791115 
63 41 0.516419 
64 41 0.102675 
65 41 0.698526 
66 41 0.745653 
67 41 0.224542 
68 41 0.05795 
69 41 0.270164 
70 41 0.267481 
71 41 0.694208 
72 41 0.171971 
73 41 0.716528 
74 41 0.408619 
75 41 0.25681 
76 41 0.711443 
77 41 0.436301 
78 41 0.205676 
79 41 0.371568 
80 41 0.561355 
81 41 0.551728 
82 41 0.212847 
83 41 0.637802 
84 41 0.633342 
85 41 0.741518 
86 41 0.0837547 
87 41 0.0312788 
88 41 0.352896 
89 41 0.306163 
90 41 0.0679335 
91 41 0.757295 
92 41 0.0264323 
93 41 0.149912 
94 41 0.144693 
95 41 0.393281 
96 41 0.583795 
97 41 0.0399183 
98 41 0.657646 
99 41 0.0218769 
