0 7 0.307794 
1 7 0.0522017 
2 7 0.741247 
3 7 0.0723254 
4 7 0.727461 
5 7 0.687105 
6 7 0.26616 
7 7 0.503623 
8 7 0.118599 
9 7 0.468542 
10 7 0.227206 
11 7 0.513434 
12 7 0.221693 
13 7 0.600021 
14 7 0.31641 
15 7 0.552948 
16 7 0.11916 
17 7 0.727759 
18 7 0.422195 
19 7 0.441613 
20 7 0.239174 
21 7 0.728816 
22 7 0.753655 
23 7 0.533536 
24 7 0.576767 
25 7 0.108914 
26 7 0.749104 
27 7 0.748299 
28 7 0.0683511 
29 7 0.498199 
30 7 0.285022 
31 7 0.63223 
32 7 0.393071 
33 7 0.549341 
34 7 0.113 
35 7 0.12595 
36 7 0.0848302 
37 7 0.751104 
38 7 0.207167 
39 7 0.482149 
40 7 0.193646 
41 7 0.444775 
42 7 0.42459 
43 7 0.0571747 
44 7 0.307019 
45 7 0.42076 
46 7 0.563053 
47 7 0.759464 
48 7 0.480574 
49 7 0.0876135 
50 7 0.313984 
51 7 0.154244 
52 7 0.478763 
53 7 0.379679 
54 7 0.649208 
55 7 0.441026 
56 7 0.129979 
57 7 0.443117 
58 7 0.0596324 
59 7 0.225085 
60 7 0.450951 
61 7 0.656442 
62 7 0.663762 
63 7 0.0252458 
64 7 0.41719 
65 7 0.410209 
66 7 0.579654 
67 7 0.412939 
68 7 0.0290541 
69 7 0.445177 
70 7 0.545158 
71 7 0.360701 
72 7 0.012289 
73 7 0.380975 
74 7 0.557938 
75 7 0.0189801 
76 7 0.363984 
77 7 0.670316 
78 7 0.578695 
79 7 0.758084 
80 7 0.705504 
81 7 0.657351 
82 7 0.00454929 
83 7 0.0615629 
84 7 0.708944 
85 7 0.673466 
86 7 0.291278 
87 7 0.720035 
88 7 0.606473 
89 7 0.303452 
90 7 0.321598 
91 7 0.0899951 
92 7 0.223188 
93 7 0.33584 
94 7 0.227387 
95 7 0.631945 
96 7 0.450002 
97 7 0.437654 
98 7 0.287752 
99 7 0.466099 
