0 6 0.568877 
1 6 0.646968 
2 6 0.200001 
3 6 0.54155 
4 6 0.229814 
5 6 0.312837 
6 6 0.750588 
7 6 0.15734 
8 6 0.171868 
9 6 0.635284 
10 6 0.186621 
11 6 0.138211 
12 6 0.743535 
13 6 0.0887728 
14 6 0.61452 
15 6 0.00940725 
16 6 0.419095 
17 6 0.611405 
18 6 0.394551 
19 6 0.654179 
20 6 0.319295 
21 6 0.145041 
22 6 0.0899449 
23 6 0.557947 
24 6 0.253861 
25 6 0.0162304 
26 6 0.733856 
27 6 0.775471 
28 6 0.0468677 
29 6 0.747174 
30 6 0.362277 
31 6 0.629756 
32 6 0.0900774 
33 6 0.387052 
34 6 0.706393 
35 6 0.539847 
36 6 0.416256 
37 6 0.0305147 
38 6 0.662234 
39 6 0.463252 
40 6 0.522321 
41 6 0.203907 
42 6 0.129485 
43 6 0.292986 
44 6 0.364441 
45 6 0.25545 
46 6 0.144731 
47 6 0.277215 
48 6 0.623015 
49 6 0.146161 
50 6 0.761618 
51 6 0.272792 
52 6 0.706585 
53 6 0.626251 
54 6 0.180033 
55 6 0.100271 
56 6 0.633984 
57 6 0.189391 
58 6 0.523213 
59 6 0.472212 
60 6 0.213253 
61 6 0.179944 
62 6 0.554703 
63 6 0.791447 
64 6 0.265108 
65 6 0.345935 
66 6 0.200821 
67 6 0.547123 
68 6 0.560095 
69 6 0.739016 
70 6 0.085633 
71 6 0.720488 
72 6 0.657054 
73 6 0.658666 
74 6 0.693625 
75 6 0.411115 
76 6 0.284588 
77 6 0.721778 
78 6 0.200827 
79 6 0.668971 
80 6 0.753042 
81 6 0.188356 
82 6 0.5974 
83 6 0.148679 
84 6 0.689144 
85 6 0.492951 
86 6 0.725091 
87 6 0.753498 
88 6 0.526725 
89 6 0.071291 
90 6 0.620493 
91 6 0.392384 
92 6 0.398968 
93 6 0.0177042 
94 6 0.629838 
95 6 0.185049 
96 6 0.0565935 
97 6 0.639856 
98 6 0.625011 
99 6 0.259912 
