0 60 0.412403 
1 60 0.787909 
2 60 0.699905 
3 60 0.550897 
4 60 0.241508 
5 60 0.624268 
6 60 0.0289336 
7 60 0.265587 
8 60 0.0109836 
9 60 0.552994 
10 60 0.0854387 
11 60 0.52611 
12 60 0.223067 
13 60 0.258684 
14 60 0.263202 
15 60 0.194461 
16 60 0.507121 
17 60 0.316083 
18 60 0.423836 
19 60 0.452085 
20 60 0.775966 
21 60 0.332943 
22 60 0.18504 
23 60 0.0288844 
24 60 0.340697 
25 60 0.707224 
26 60 0.435564 
27 60 0.166129 
28 60 0.670435 
29 60 0.0435057 
30 60 0.201301 
31 60 0.0544277 
32 60 0.0938199 
33 60 0.297191 
34 60 0.542865 
35 60 0.390042 
36 60 0.112699 
37 60 0.144737 
38 60 0.245953 
39 60 0.425908 
40 60 0.411339 
41 60 0.216052 
42 60 0.768472 
43 60 0.48887 
44 60 0.529845 
45 60 0.473125 
46 60 0.098805 
47 60 0.279198 
48 60 0.224347 
49 60 0.53811 
50 60 0.614845 
51 60 0.723117 
52 60 0.594938 
53 60 0.210274 
54 60 0.574276 
55 60 0.333409 
56 60 0.630239 
57 60 0.631062 
58 60 0.743521 
59 60 0.568442 
60 60 0.489668 
61 60 0.764094 
62 60 0.0853485 
63 60 0.0825456 
64 60 0.456256 
65 60 0.384591 
66 60 0.262857 
67 60 0.0701758 
68 60 0.476581 
69 60 0.2817 
70 60 0.207862 
71 60 0.0367569 
72 60 0.366751 
73 60 0.619683 
74 60 0.557127 
75 60 0.15805 
76 60 0.733429 
77 60 0.0950163 
78 60 0.328178 
79 60 0.301366 
80 60 0.790153 
81 60 0.56321 
82 60 0.741126 
83 60 0.00940296 
84 60 0.0902648 
85 60 0.568739 
86 60 0.249446 
87 60 0.309812 
88 60 0.768003 
89 60 0.570243 
90 60 0.0561696 
91 60 0.685772 
92 60 0.615167 
93 60 0.198898 
94 60 0.390279 
95 60 0.794678 
96 60 0.0228124 
97 60 0.309223 
98 60 0.766772 
99 60 0.528269 
