0 94 0.589533 
1 94 0.221911 
2 94 0.6385 
3 94 0.380403 
4 94 0.796338 
5 94 0.0342636 
6 94 0.402848 
7 94 0.506555 
8 94 0.327494 
9 94 0.72756 
10 94 0.261391 
11 94 0.460653 
12 94 0.409281 
13 94 0.345036 
14 94 0.160209 
15 94 0.432238 
16 94 0.757034 
17 94 0.791282 
18 94 0.284809 
19 94 0.367886 
20 94 0.362606 
21 94 0.0651636 
22 94 0.606682 
23 94 0.271187 
24 94 0.330225 
25 94 0.428603 
26 94 0.724867 
27 94 0.169573 
28 94 0.658733 
29 94 0.438969 
30 94 0.320505 
31 94 0.322132 
32 94 0.261471 
33 94 0.297903 
34 94 0.775857 
35 94 0.6467 
36 94 0.163913 
37 94 0.663522 
38 94 0.223381 
39 94 0.218126 
40 94 0.669531 
41 94 0.522249 
42 94 0.624013 
43 94 0.798042 
44 94 0.476548 
45 94 0.373939 
46 94 0.760295 
47 94 0.213143 
48 94 0.323531 
49 94 0.338525 
50 94 0.236602 
51 94 0.682974 
52 94 0.592673 
53 94 0.262066 
54 94 0.239996 
55 94 0.279608 
56 94 0.386909 
57 94 0.667473 
58 94 0.552665 
59 94 0.241973 
60 94 0.0203044 
61 94 0.55932 
62 94 0.271908 
63 94 0.345378 
64 94 0.627278 
65 94 0.541074 
66 94 0.318581 
67 94 0.00824706 
68 94 0.147033 
69 94 0.415942 
70 94 0.0714185 
71 94 0.16763 
72 94 0.597863 
73 94 0.556263 
74 94 0.749812 
75 94 0.579268 
76 94 0.497741 
77 94 0.39923 
78 94 0.0180581 
79 94 0.0145051 
80 94 0.305791 
81 94 0.395907 
82 94 0.645117 
83 94 0.437758 
84 94 0.670741 
85 94 0.725195 
86 94 0.718391 
87 94 0.521096 
88 94 0.314155 
89 94 0.2809 
90 94 0.0405456 
91 94 0.312943 
92 94 0.463982 
93 94 0.566982 
94 94 0.555798 
95 94 0.442401 
96 94 0.5716 
97 94 0.0192991 
98 94 0.206074 
99 94 0.410964 
