0 3 0.3061 
1 3 0.316478 
2 3 0.131056 
3 3 0.649962 
4 3 0.237705 
5 3 0.801487 
6 3 0.735022 
7 3 0.738793 
8 3 0.27778 
9 3 0.579907 
10 3 0.229132 
11 3 0.0319669 
12 3 0.617686 
13 3 0.452828 
14 3 0.419122 
15 3 0.296437 
16 3 0.201782 
17 3 0.4391 
18 3 0.450362 
19 3 0.712948 
20 3 0.544154 
21 3 0.790574 
22 3 0.353422 
23 3 0.313578 
24 3 0.430242 
25 3 0.477295 
26 3 0.146537 
27 3 0.336208 
28 3 0.280905 
29 3 0.264763 
30 3 0.287104 
31 3 0.483543 
32 3 0.219359 
33 3 0.350251 
34 3 0.611983 
35 3 0.258381 
36 3 0.522449 
37 3 0.295419 
38 3 0.324502 
39 3 0.589356 
40 3 0.00736967 
41 3 0.275072 
42 3 0.129579 
43 3 0.422326 
44 3 0.573972 
45 3 0.0493142 
46 3 0.38894 
47 3 0.32416 
48 3 0.581186 
49 3 0.519974 
50 3 0.272604 
51 3 0.249628 
52 3 0.435856 
53 3 0.197394 
54 3 0.30261 
55 3 0.592477 
56 3 0.23307 
57 3 0.207195 
58 3 0.491598 
59 3 0.601773 
60 3 0.375892 
61 3 0.746289 
62 3 0.18701 
63 3 0.785779 
64 3 0.0388211 
65 3 0.148573 
66 3 0.504198 
67 3 0.503287 
68 3 0.165244 
69 3 0.480509 
70 3 0.296523 
71 3 0.456533 
72 3 0.351312 
73 3 0.192538 
74 3 0.255633 
75 3 0.274715 
76 3 0.119408 
77 3 0.240761 
78 3 0.00942586 
79 3 0.490459 
80 3 0.619284 
81 3 0.391058 
82 3 0.327992 
83 3 0.422525 
84 3 0.0768922 
85 3 0.399334 
86 3 0.477015 
87 3 0.582534 
88 3 0.0042035 
89 3 0.5691 
90 3 0.337637 
91 3 0.344494 
92 3 0.209836 
93 3 0.665595 
94 3 0.0781413 
95 3 0.513382 
96 3 0.679438 
97 3 0.14181 
98 3 0.67929 
99 3 0.124464 
