0 92 0.351468 
1 92 0.275415 
2 92 0.295152 
3 92 0.247069 
4 92 0.472346 
5 92 0.697409 
6 92 0.328833 
7 92 0.0408234 
8 92 0.7728 
9 92 0.129292 
10 92 0.66262 
11 92 0.492415 
12 92 0.247224 
13 92 0.41378 
14 92 0.612214 
15 92 0.0220894 
16 92 0.244899 
17 92 0.0446216 
18 92 0.0110846 
19 92 0.449744 
20 92 0.277076 
21 92 0.0164437 
22 92 0.505015 
23 92 0.228191 
24 92 0.158547 
25 92 0.29915 
26 92 0.790092 
27 92 0.419414 
28 92 0.0957122 
29 92 0.135136 
30 92 0.115305 
31 92 0.0215794 
32 92 0.12414 
33 92 0.0694252 
34 92 0.0362289 
35 92 0.159453 
36 92 0.373986 
37 92 0.202177 
38 92 0.304495 
39 92 0.676247 
40 92 0.489103 
41 92 0.422933 
42 92 0.0913659 
43 92 0.795821 
44 92 0.252131 
45 92 0.69314 
46 92 0.763842 
47 92 0.0917895 
48 92 0.605938 
49 92 0.1637 
50 92 0.710108 
51 92 0.646585 
52 92 0.592477 
53 92 0.64177 
54 92 0.112107 
55 92 0.606935 
56 92 0.251252 
57 92 0.559103 
58 92 0.46889 
59 92 0.177334 
60 92 0.0123838 
61 92 0.785788 
62 92 0.656069 
63 92 0.490291 
64 92 0.61937 
65 92 0.451728 
66 92 0.782912 
67 92 0.185324 
68 92 0.036148 
69 92 0.358527 
70 92 0.158824 
71 92 0.341652 
72 92 0.659242 
73 92 0.687783 
74 92 0.208594 
75 92 0.649436 
76 92 0.382832 
77 92 0.263553 
78 92 0.551679 
79 92 0.0609807 
80 92 0.238398 
81 92 0.193557 
82 92 0.561016 
83 92 0.482436 
84 92 0.677883 
85 92 0.748101 
86 92 0.175828 
87 92 0.788503 
88 92 0.795209 
89 92 0.469712 
90 92 0.48465 
91 92 0.188025 
92 92 0.310019 
93 92 0.526178 
94 92 0.0151535 
95 92 0.731626 
96 92 0.0955144 
97 92 0.189915 
98 92 0.681326 
99 92 0.765095 
