0 62 0.132144 
1 62 0.719459 
2 62 0.800857 
3 62 0.522461 
4 62 0.00322124 
5 62 0.647268 
6 62 0.661576 
7 62 0.122272 
8 62 0.751481 
9 62 0.286746 
10 62 0.131446 
11 62 0.444207 
12 62 0.630607 
13 62 0.788679 
14 62 0.760538 
15 62 0.568205 
16 62 0.121936 
17 62 0.0525166 
18 62 0.137021 
19 62 0.607 
20 62 0.783618 
21 62 0.653815 
22 62 0.659097 
23 62 0.389584 
24 62 0.453478 
25 62 0.78692 
26 62 0.331345 
27 62 0.671903 
28 62 0.784943 
29 62 0.635059 
30 62 0.0549057 
31 62 0.11629 
32 62 0.614239 
33 62 0.612419 
34 62 0.574732 
35 62 0.429591 
36 62 0.536092 
37 62 0.479987 
38 62 0.295822 
39 62 0.610691 
40 62 0.155825 
41 62 0.686246 
42 62 0.370554 
43 62 0.741634 
44 62 0.70358 
45 62 0.62763 
46 62 0.658596 
47 62 0.162406 
48 62 0.30913 
49 62 0.194758 
50 62 0.688857 
51 62 0.138777 
52 62 0.0817967 
53 62 0.733216 
54 62 0.296639 
55 62 0.193541 
56 62 0.437797 
57 62 0.654094 
58 62 0.399461 
59 62 0.0461282 
60 62 0.764301 
61 62 0.390737 
62 62 0.179545 
63 62 0.0434244 
64 62 0.286919 
65 62 0.133903 
66 62 0.196911 
67 62 0.699764 
68 62 0.407259 
69 62 0.419789 
70 62 0.779241 
71 62 0.58299 
72 62 0.779639 
73 62 0.331308 
74 62 0.102079 
75 62 0.444997 
76 62 0.782952 
77 62 0.0468102 
78 62 0.682588 
79 62 0.498437 
80 62 0.741 
81 62 0.599748 
82 62 0.785654 
83 62 0.22356 
84 62 0.737406 
85 62 0.381197 
86 62 0.123176 
87 62 0.28119 
88 62 0.332602 
89 62 0.580056 
90 62 0.258383 
91 62 0.336176 
92 62 0.468607 
93 62 0.437816 
94 62 0.285757 
95 62 0.245434 
96 62 0.0988831 
97 62 0.145467 
98 62 0.439171 
99 62 0.43271 
