0 42 0.728223 
1 42 0.276951 
2 42 0.141462 
3 42 0.470793 
4 42 0.277107 
5 42 0.424045 
6 42 0.588883 
7 42 0.365445 
8 42 0.39561 
9 42 0.206813 
10 42 0.109176 
11 42 0.105967 
12 42 0.109507 
13 42 0.26946 
14 42 0.478829 
15 42 0.386062 
16 42 0.193192 
17 42 0.271374 
18 42 0.485088 
19 42 0.611161 
20 42 0.0941747 
21 42 0.218098 
22 42 0.719274 
23 42 0.478904 
24 42 0.212426 
25 42 0.32981 
26 42 0.582012 
27 42 0.0249274 
28 42 0.229615 
29 42 0.226232 
30 42 0.556105 
31 42 0.262369 
32 42 0.297899 
33 42 0.61375 
34 42 0.583636 
35 42 0.0661396 
36 42 0.583513 
37 42 0.062108 
38 42 0.622651 
39 42 0.008041 
40 42 0.28974 
41 42 0.554113 
42 42 0.257243 
43 42 0.764813 
44 42 0.655788 
45 42 0.415794 
46 42 0.54016 
47 42 0.441502 
48 42 0.153221 
49 42 0.784302 
50 42 0.659597 
51 42 0.00230724 
52 42 0.578843 
53 42 0.238207 
54 42 0.492678 
55 42 0.722677 
56 42 0.136059 
57 42 0.259065 
58 42 0.529265 
59 42 0.182877 
60 42 0.762645 
61 42 0.0288716 
62 42 0.430202 
63 42 0.691712 
64 42 0.711222 
65 42 0.0982751 
66 42 0.185433 
67 42 0.483242 
68 42 0.378436 
69 42 0.422693 
70 42 0.110669 
71 42 0.555595 
72 42 0.0654947 
73 42 0.658593 
74 42 0.628754 
75 42 0.678512 
76 42 0.33799 
77 42 0.500732 
78 42 0.043223 
79 42 0.0314573 
80 42 0.659741 
81 42 0.788469 
82 42 0.352961 
83 42 0.505957 
84 42 0.71104 
85 42 0.135891 
86 42 0.337383 
87 42 0.217417 
88 42 0.0549038 
89 42 0.0463051 
90 42 0.376558 
91 42 0.0118171 
92 42 0.473745 
93 42 0.76385 
94 42 0.622228 
95 42 0.195797 
96 42 0.660023 
97 42 0.799319 
98 42 0.269463 
99 42 0.493489 
