0 87 0.229275 
1 87 0.134461 
2 87 0.387829 
3 87 0.524549 
4 87 0.165482 
5 87 0.432112 
6 87 0.560742 
7 87 0.280745 
8 87 0.37368 
9 87 0.0773195 
10 87 0.563875 
11 87 0.603803 
12 87 0.500369 
13 87 0.587225 
14 87 0.760387 
15 87 0.0225182 
16 87 0.323865 
17 87 0.221286 
18 87 0.515989 
19 87 0.0899502 
20 87 0.631033 
21 87 0.0979086 
22 87 0.733168 
23 87 0.373847 
24 87 0.292605 
25 87 0.00610837 
26 87 0.698033 
27 87 0.695531 
28 87 0.543338 
29 87 0.0607621 
30 87 0.611334 
31 87 0.52979 
32 87 0.718652 
33 87 0.787646 
34 87 0.715234 
35 87 0.416315 
36 87 0.513459 
37 87 0.680038 
38 87 0.526766 
39 87 0.0516021 
40 87 0.424632 
41 87 0.227751 
42 87 0.271316 
43 87 0.139051 
44 87 0.213784 
45 87 0.0631279 
46 87 0.795231 
47 87 0.084727 
48 87 0.413675 
49 87 0.176447 
50 87 0.265564 
51 87 0.704503 
52 87 0.403157 
53 87 0.67537 
54 87 0.544305 
55 87 0.664058 
56 87 0.00880243 
57 87 0.0876876 
58 87 0.560317 
59 87 0.0830582 
60 87 0.1518 
61 87 0.672201 
62 87 0.337962 
63 87 0.534018 
64 87 0.151771 
65 87 0.726901 
66 87 0.746873 
67 87 0.781058 
68 87 0.0718857 
69 87 0.198421 
70 87 0.712992 
71 87 0.252464 
72 87 0.103913 
73 87 0.43563 
74 87 0.427898 
75 87 0.68341 
76 87 0.409102 
77 87 0.191385 
78 87 0.80033 
79 87 0.750591 
80 87 0.746054 
81 87 0.745658 
82 87 0.575935 
83 87 0.340562 
84 87 0.486484 
85 87 0.20928 
86 87 0.63377 
87 87 0.0622976 
88 87 0.261963 
89 87 0.720146 
90 87 0.559877 
91 87 0.3335 
92 87 0.185672 
93 87 0.314192 
94 87 0.264106 
95 87 0.435767 
96 87 0.530762 
97 87 0.252142 
98 87 0.750064 
99 87 0.237319 
