0 0 0.550662 
1 0 0.752412 
2 0 0.26583 
3 0 0.69857 
4 0 0.765533 
5 0 0.22234 
6 0 0.592422 
7 0 0.0997055 
8 0 0.447415 
9 0 0.358413 
10 0 0.55113 
11 0 0.506345 
12 0 0.571342 
13 0 0.368814 
14 0 0.00513063 
15 0 0.145434 
16 0 0.167577 
17 0 0.286184 
18 0 0.482881 
19 0 0.462901 
20 0 0.656178 
21 0 0.793659 
22 0 0.709517 
23 0 0.211444 
24 0 0.153942 
25 0 0.0405361 
26 0 0.0814767 
27 0 0.189271 
28 0 0.747186 
29 0 0.288132 
30 0 0.442182 
31 0 0.716787 
32 0 0.32816 
33 0 0.296679 
34 0 0.250506 
35 0 0.772316 
36 0 0.407694 
37 0 0.146946 
38 0 0.608478 
39 0 0.161545 
40 0 0.599972 
41 0 0.745909 
42 0 0.215879 
43 0 0.700762 
44 0 0.681368 
45 0 0.0482685 
46 0 0.572514 
47 0 0.525367 
48 0 0.403111 
49 0 0.502616 
50 0 0.107942 
51 0 0.792893 
52 0 0.286511 
53 0 0.721145 
54 0 0.288045 
55 0 0.120668 
56 0 0.428236 
57 0 0.59251 
58 0 0.411056 
59 0 0.696945 
60 0 0.453077 
61 0 0.799903 
62 0 0.433577 
63 0 0.23221 
64 0 0.592767 
65 0 0.217554 
66 0 0.367579 
67 0 0.688061 
68 0 0.729006 
69 0 0.419114 
70 0 0.543805 
71 0 0.376309 
72 0 0.705605 
73 0 0.0293921 
74 0 0.205564 
75 0 0.145467 
76 0 0.272869 
77 0 0.653355 
78 0 0.578414 
79 0 0.237073 
80 0 0.0757223 
81 0 0.553147 
82 0 0.751817 
83 0 0.0991006 
84 0 0.79252 
85 0 0.18258 
86 0 0.0191672 
87 0 0.115775 
88 0 0.342685 
89 0 0.0792534 
90 0 0.63977 
91 0 0.634107 
92 0 0.745047 
93 0 0.0717437 
94 0 0.161009 
95 0 0.744947 
96 0 0.550224 
97 0 0.453694 
98 0 0.438089 
99 0 0.624745 
