0 70 0.238206 
1 70 0.615214 
2 70 0.720476 
3 70 0.00849474 
4 70 0.356915 
5 70 0.262547 
6 70 0.0235747 
7 70 0.288552 
8 70 0.0193837 
9 70 0.580976 
10 70 0.787001 
11 70 0.48213 
12 70 0.528498 
13 70 0.128624 
14 70 0.16518 
15 70 0.661637 
16 70 0.439117 
17 70 0.703358 
18 70 0.797747 
19 70 0.197258 
20 70 0.390932 
21 70 0.315815 
22 70 0.629972 
23 70 0.0414126 
24 70 0.275107 
25 70 0.42485 
26 70 0.782157 
27 70 0.762105 
28 70 0.0265222 
29 70 0.396504 
30 70 0.728578 
31 70 0.246378 
32 70 0.210419 
33 70 0.533959 
34 70 0.116504 
35 70 0.343238 
36 70 0.761111 
37 70 0.158078 
38 70 0.786621 
39 70 0.386289 
40 70 0.492025 
41 70 0.158376 
42 70 0.673713 
43 70 0.109491 
44 70 0.690864 
45 70 0.154303 
46 70 0.698458 
47 70 0.0360663 
48 70 0.690233 
49 70 0.409723 
50 70 0.197734 
51 70 0.0182316 
52 70 0.116388 
53 70 0.218347 
54 70 0.570498 
55 70 0.328267 
56 70 0.498719 
57 70 0.5022 
58 70 0.568862 
59 70 0.296905 
60 70 0.640205 
61 70 0.788085 
62 70 0.00447167 
63 70 0.412056 
64 70 0.225115 
65 70 0.314984 
66 70 0.782889 
67 70 0.435815 
68 70 0.545911 
69 70 0.0612461 
70 70 0.344496 
71 70 0.392085 
72 70 0.668045 
73 70 0.142328 
74 70 0.69327 
75 70 0.104121 
76 70 0.616645 
77 70 0.103236 
78 70 0.128666 
79 70 0.432528 
80 70 0.696301 
81 70 0.0741592 
82 70 0.389366 
83 70 0.021922 
84 70 0.305739 
85 70 0.658244 
86 70 0.694149 
87 70 0.553366 
88 70 0.19905 
89 70 0.0523031 
90 70 0.170667 
91 70 0.0842767 
92 70 0.417325 
93 70 0.73493 
94 70 0.375173 
95 70 0.164755 
96 70 0.578639 
97 70 0.734521 
98 70 0.145111 
99 70 0.0325189 
