0 91 0.217554 
1 91 0.738382 
2 91 0.548733 
3 91 0.321324 
4 91 0.131872 
5 91 0.186249 
6 91 0.699009 
7 91 0.515704 
8 91 0.159097 
9 91 0.128138 
10 91 0.282521 
11 91 0.341309 
12 91 0.150258 
13 91 0.604811 
14 91 0.368023 
15 91 0.684549 
16 91 0.4271 
17 91 0.0786634 
18 91 0.13263 
19 91 0.142884 
20 91 0.41891 
21 91 0.318372 
22 91 0.678872 
23 91 0.380934 
24 91 0.405023 
25 91 0.0333337 
26 91 0.745061 
27 91 0.442035 
28 91 0.789965 
29 91 0.495054 
30 91 0.526321 
31 91 0.457711 
32 91 0.73093 
33 91 0.404171 
34 91 0.767312 
35 91 0.598276 
36 91 0.529348 
37 91 0.349923 
38 91 0.267571 
39 91 0.65624 
40 91 0.0307574 
41 91 0.21183 
42 91 0.207801 
43 91 0.092059 
44 91 0.60522 
45 91 0.482331 
46 91 0.139043 
47 91 0.152784 
48 91 0.026405 
49 91 0.262923 
50 91 0.752771 
51 91 0.597454 
52 91 0.173548 
53 91 0.339617 
54 91 0.349989 
55 91 0.140766 
56 91 0.00282747 
57 91 0.678387 
58 91 0.710156 
59 91 0.716373 
60 91 0.589855 
61 91 0.51516 
62 91 0.305313 
63 91 0.335708 
64 91 0.31376 
65 91 0.646241 
66 91 0.49808 
67 91 0.487685 
68 91 0.498329 
69 91 0.614136 
70 91 0.195486 
71 91 0.155562 
72 91 0.67655 
73 91 0.786466 
74 91 0.176211 
75 91 0.173835 
76 91 0.222729 
77 91 0.365395 
78 91 0.382151 
79 91 0.750656 
80 91 0.775319 
81 91 0.328721 
82 91 0.71323 
83 91 0.267169 
84 91 0.370717 
85 91 0.0629432 
86 91 0.636167 
87 91 0.705501 
88 91 0.510044 
89 91 0.470699 
90 91 0.32991 
91 91 0.577885 
92 91 0.413767 
93 91 0.364942 
94 91 0.285235 
95 91 0.644159 
96 91 0.208391 
97 91 0.215165 
98 91 0.517419 
99 91 0.358523 
