0 32 0.739564 
1 32 0.315434 
2 32 0.370658 
3 32 0.115262 
4 32 0.0264848 
5 32 0.322687 
6 32 0.400561 
7 32 0.691105 
8 32 0.135686 
9 32 0.436747 
10 32 0.395043 
11 32 0.235208 
12 32 0.332463 
13 32 0.147988 
14 32 0.796717 
15 32 0.185721 
16 32 0.30952 
17 32 0.472651 
18 32 0.534821 
19 32 0.600547 
20 32 0.0163201 
21 32 0.643284 
22 32 0.238318 
23 32 0.229353 
24 32 0.0228661 
25 32 0.0617056 
26 32 0.624264 
27 32 0.557904 
28 32 0.410795 
29 32 0.539849 
30 32 0.721677 
31 32 0.153299 
32 32 0.204885 
33 32 0.422322 
34 32 0.219319 
35 32 0.370633 
36 32 0.763997 
37 32 0.572127 
38 32 0.73422 
39 32 0.0182857 
40 32 0.521602 
41 32 0.714832 
42 32 0.0183893 
43 32 0.751422 
44 32 0.047721 
45 32 0.348336 
46 32 0.470356 
47 32 0.106398 
48 32 0.314362 
49 32 0.00645165 
50 32 0.0103441 
51 32 0.700589 
52 32 0.572077 
53 32 0.0693958 
54 32 0.0228319 
55 32 0.325034 
56 32 0.0331333 
57 32 0.46565 
58 32 0.639158 
59 32 0.346609 
60 32 0.13552 
61 32 0.363613 
62 32 0.367149 
63 32 0.0689395 
64 32 0.348752 
65 32 0.351426 
66 32 0.19371 
67 32 0.737322 
68 32 0.403447 
69 32 0.709508 
70 32 0.723239 
71 32 0.682419 
72 32 0.538234 
73 32 0.263976 
74 32 0.356688 
75 32 0.607217 
76 32 0.0169862 
77 32 0.553036 
78 32 0.29768 
79 32 0.207302 
80 32 0.181334 
81 32 0.752538 
82 32 0.0978788 
83 32 0.586664 
84 32 0.199131 
85 32 0.117595 
86 32 0.517274 
87 32 0.295346 
88 32 0.131305 
89 32 0.599876 
90 32 0.0727473 
91 32 0.592804 
92 32 0.589405 
93 32 0.486816 
94 32 0.409158 
95 32 0.216939 
96 32 0.519402 
97 32 0.423307 
98 32 0.483587 
99 32 0.636238 
