0 45 0.246311 
1 45 0.428026 
2 45 0.150181 
3 45 0.285363 
4 45 0.78366 
5 45 0.613075 
6 45 0.433056 
7 45 0.237192 
8 45 0.677147 
9 45 0.636848 
10 45 0.705177 
11 45 0.320353 
12 45 0.378984 
13 45 0.362615 
14 45 0.398066 
15 45 0.264635 
16 45 0.612408 
17 45 0.439691 
18 45 0.291728 
19 45 0.324001 
20 45 0.328816 
21 45 0.003202 
22 45 0.544085 
23 45 0.0338347 
24 45 0.40677 
25 45 0.312115 
26 45 0.612959 
27 45 0.189251 
28 45 0.777538 
29 45 0.153801 
30 45 0.538926 
31 45 0.709564 
32 45 0.611373 
33 45 0.16466 
34 45 0.604073 
35 45 0.0426271 
36 45 0.338407 
37 45 0.385576 
38 45 0.318342 
39 45 0.108689 
40 45 0.32818 
41 45 0.184315 
42 45 0.0476016 
43 45 0.740395 
44 45 0.091029 
45 45 0.138885 
46 45 0.580944 
47 45 0.371794 
48 45 0.710723 
49 45 0.771357 
50 45 0.763571 
51 45 0.320561 
52 45 0.774657 
53 45 0.549295 
54 45 0.659972 
55 45 0.118744 
56 45 0.497227 
57 45 0.274499 
58 45 0.463304 
59 45 0.117714 
60 45 0.666204 
61 45 0.487942 
62 45 0.0797658 
63 45 0.201112 
64 45 0.636768 
65 45 0.535693 
66 45 0.607773 
67 45 0.667182 
68 45 0.556907 
69 45 0.310901 
70 45 0.733216 
71 45 0.58866 
72 45 0.387981 
73 45 0.119731 
74 45 0.327077 
75 45 0.657125 
76 45 0.244545 
77 45 0.637849 
78 45 0.618389 
79 45 0.48195 
80 45 0.680919 
81 45 0.190983 
82 45 0.20824 
83 45 0.256775 
84 45 0.590322 
85 45 0.275733 
86 45 0.67959 
87 45 0.389563 
88 45 0.0423239 
89 45 0.0510134 
90 45 0.709635 
91 45 0.718938 
92 45 0.0910671 
93 45 0.359043 
94 45 0.253151 
95 45 0.43291 
96 45 0.474241 
97 45 0.357398 
98 45 0.07448 
99 45 0.56359 
