0 33 0.77278 
1 33 0.652338 
2 33 0.722669 
3 33 0.444295 
4 33 0.568249 
5 33 0.576781 
6 33 0.539442 
7 33 0.160664 
8 33 0.164819 
9 33 0.343975 
10 33 0.641628 
11 33 0.128557 
12 33 0.781936 
13 33 0.246602 
14 33 0.581915 
15 33 0.623374 
16 33 0.0285658 
17 33 0.709432 
18 33 0.534041 
19 33 0.256403 
20 33 0.732232 
21 33 0.36276 
22 33 0.730356 
23 33 0.33136 
24 33 0.665502 
25 33 0.0995421 
26 33 0.675984 
27 33 0.589963 
28 33 0.744656 
29 33 0.565056 
30 33 0.284546 
31 33 0.136449 
32 33 0.520923 
33 33 0.359369 
34 33 0.343921 
35 33 0.225256 
36 33 0.262922 
37 33 0.743226 
38 33 0.743701 
39 33 0.089076 
40 33 0.341719 
41 33 0.659336 
42 33 0.670085 
43 33 0.496508 
44 33 0.158582 
45 33 0.139881 
46 33 0.656338 
47 33 0.566162 
48 33 0.396005 
49 33 0.615711 
50 33 0.118934 
51 33 0.339423 
52 33 0.312473 
53 33 0.231711 
54 33 0.289435 
55 33 0.632585 
56 33 0.690199 
57 33 0.186917 
58 33 0.206541 
59 33 0.538776 
60 33 0.774365 
61 33 0.265815 
62 33 0.0294062 
63 33 0.644538 
64 33 0.621643 
65 33 0.36992 
66 33 0.315779 
67 33 0.661841 
68 33 0.151951 
69 33 0.298097 
70 33 0.74171 
71 33 0.794841 
72 33 0.187859 
73 33 0.580388 
74 33 0.494464 
75 33 0.482069 
76 33 0.530996 
77 33 0.605247 
78 33 0.299329 
79 33 0.365457 
80 33 0.662692 
81 33 0.373962 
82 33 0.738187 
83 33 0.244608 
84 33 0.775055 
85 33 0.357664 
86 33 0.117946 
87 33 0.388184 
88 33 0.511573 
89 33 0.22516 
90 33 0.531811 
91 33 0.370337 
92 33 0.0286346 
93 33 0.624256 
94 33 0.482125 
95 33 0.341533 
96 33 0.419485 
97 33 0.589475 
98 33 0.116432 
99 33 0.724109 
