0 72 0.742285 
1 72 0.300671 
2 72 0.701525 
3 72 0.485637 
4 72 0.779846 
5 72 0.676817 
6 72 0.0654853 
7 72 0.28626 
8 72 0.336325 
9 72 0.534515 
10 72 0.501113 
11 72 0.579963 
12 72 0.559718 
13 72 0.104858 
14 72 0.762643 
15 72 0.348467 
16 72 0.353998 
17 72 0.563268 
18 72 0.779665 
19 72 0.482298 
20 72 0.153656 
21 72 0.196471 
22 72 0.00760153 
23 72 0.508667 
24 72 0.172482 
25 72 0.234348 
26 72 0.568099 
27 72 0.529435 
28 72 0.723472 
29 72 0.26693 
30 72 0.71833 
31 72 0.714402 
32 72 0.526985 
33 72 0.459476 
34 72 0.529745 
35 72 0.0473268 
36 72 0.73844 
37 72 0.498302 
38 72 0.340518 
39 72 0.734898 
40 72 0.447816 
41 72 0.0203685 
42 72 0.620719 
43 72 0.0582818 
44 72 0.679883 
45 72 0.798106 
46 72 0.4962 
47 72 0.280295 
48 72 0.364295 
49 72 0.707384 
50 72 0.35326 
51 72 0.41514 
52 72 0.0217061 
53 72 0.239617 
54 72 0.140639 
55 72 0.130411 
56 72 0.77423 
57 72 0.688191 
58 72 0.770023 
59 72 0.22879 
60 72 0.144683 
61 72 0.770967 
62 72 0.0469757 
63 72 0.17293 
64 72 0.609442 
65 72 0.445341 
66 72 0.450461 
67 72 0.633056 
68 72 0.740444 
69 72 0.48171 
70 72 0.595911 
71 72 0.213369 
72 72 0.59877 
73 72 0.500093 
74 72 0.553018 
75 72 0.301682 
76 72 0.296578 
77 72 0.493223 
78 72 0.290134 
79 72 0.267807 
80 72 0.0365401 
81 72 0.522645 
82 72 0.49678 
83 72 0.2313 
84 72 0.0995004 
85 72 0.272614 
86 72 0.458061 
87 72 0.715432 
88 72 0.368078 
89 72 0.249796 
90 72 0.785775 
91 72 0.488382 
92 72 0.102682 
93 72 0.0726949 
94 72 0.682251 
95 72 0.728376 
96 72 0.216055 
97 72 0.342317 
98 72 0.610373 
99 72 0.196599 
