0 76 0.638118 
1 76 0.642728 
2 76 0.0236346 
3 76 0.529846 
4 76 0.494908 
5 76 0.543932 
6 76 0.293294 
7 76 0.181832 
8 76 0.35578 
9 76 0.533144 
10 76 0.0870759 
11 76 0.325223 
12 76 0.157847 
13 76 0.178944 
14 76 0.356091 
15 76 0.641872 
16 76 0.287048 
17 76 0.137367 
18 76 0.333045 
19 76 0.707472 
20 76 0.311875 
21 76 0.6392 
22 76 0.228919 
23 76 0.00316342 
24 76 0.213691 
25 76 0.63778 
26 76 0.263698 
27 76 0.246458 
28 76 0.0812299 
29 76 0.61821 
30 76 0.497708 
31 76 0.426639 
32 76 0.640354 
33 76 0.730673 
34 76 0.414438 
35 76 0.363614 
36 76 0.446967 
37 76 0.571724 
38 76 0.689914 
39 76 0.0821967 
40 76 0.748455 
41 76 0.456751 
42 76 0.718521 
43 76 0.610756 
44 76 0.7623 
45 76 0.492278 
46 76 0.40312 
47 76 0.486081 
48 76 0.15405 
49 76 0.15304 
50 76 0.590617 
51 76 0.59114 
52 76 0.402471 
53 76 0.0818893 
54 76 0.619192 
55 76 0.588174 
56 76 0.665352 
57 76 0.491402 
58 76 0.19026 
59 76 0.70553 
60 76 0.421328 
61 76 0.178284 
62 76 0.322353 
63 76 0.182691 
64 76 0.36567 
65 76 0.633878 
66 76 0.466177 
67 76 0.561525 
68 76 0.649662 
69 76 0.571345 
70 76 0.681078 
71 76 0.0572962 
72 76 0.128564 
73 76 0.546249 
74 76 0.535525 
75 76 0.790367 
76 76 0.0257541 
77 76 0.652902 
78 76 0.681966 
79 76 0.721299 
80 76 0.151315 
81 76 0.0662081 
82 76 0.0362641 
83 76 0.146157 
84 76 0.413585 
85 76 0.128196 
86 76 0.326829 
87 76 0.516496 
88 76 0.465229 
89 76 0.483832 
90 76 0.670879 
91 76 0.209819 
92 76 0.115995 
93 76 0.750534 
94 76 0.565689 
95 76 0.492936 
96 76 0.319563 
97 76 0.174988 
98 76 0.77949 
99 76 0.605002 
