0 1 0.796281 
1 1 0.723284 
2 1 0.0570215 
3 1 0.126837 
4 1 0.752863 
5 1 0.272005 
6 1 0.0736098 
7 1 0.612584 
8 1 0.120771 
9 1 0.712715 
10 1 0.580754 
11 1 0.684311 
12 1 0.324425 
13 1 0.13151 
14 1 0.518042 
15 1 0.432328 
16 1 0.210799 
17 1 0.32149 
18 1 0.374294 
19 1 0.00589684 
20 1 0.457121 
21 1 0.205707 
22 1 0.663694 
23 1 0.143251 
24 1 0.65469 
25 1 0.272695 
26 1 0.512695 
27 1 0.259681 
28 1 0.197555 
29 1 0.0894597 
30 1 0.459437 
31 1 0.0568388 
32 1 0.567893 
33 1 0.307579 
34 1 0.2502 
35 1 0.34115 
36 1 0.671565 
37 1 0.689929 
38 1 0.499309 
39 1 0.524449 
40 1 0.15031 
41 1 0.567901 
42 1 0.231935 
43 1 0.483305 
44 1 0.173557 
45 1 0.271879 
46 1 0.52803 
47 1 0.0255148 
48 1 0.786865 
49 1 0.786711 
50 1 0.666081 
51 1 0.53459 
52 1 0.244061 
53 1 0.195647 
54 1 0.647862 
55 1 0.281503 
56 1 0.0246009 
57 1 0.661433 
58 1 0.726422 
59 1 0.533379 
60 1 0.524525 
61 1 0.779711 
62 1 0.158612 
63 1 0.0861291 
64 1 0.298586 
65 1 0.712276 
66 1 0.324446 
67 1 0.354903 
68 1 0.127041 
69 1 0.7473 
70 1 0.382821 
71 1 0.432516 
72 1 0.359052 
73 1 0.394541 
74 1 0.419617 
75 1 0.209666 
76 1 0.309797 
77 1 0.442775 
78 1 0.723788 
79 1 0.702973 
80 1 0.342242 
81 1 0.262836 
82 1 0.428563 
83 1 0.325127 
84 1 0.54413 
85 1 0.274985 
86 1 0.0853757 
87 1 0.0598057 
88 1 0.221808 
89 1 0.00321091 
90 1 0.509239 
91 1 0.0327838 
92 1 0.480158 
93 1 0.071779 
94 1 0.576659 
95 1 0.726638 
96 1 0.604942 
97 1 0.349171 
98 1 0.123489 
99 1 0.273384 
