0 36 0.0140685 
1 36 0.382773 
2 36 0.0923122 
3 36 0.273919 
4 36 0.695299 
5 36 0.175997 
6 36 0.482162 
7 36 0.368052 
8 36 0.620379 
9 36 0.737119 
10 36 0.413543 
11 36 0.787934 
12 36 0.488963 
13 36 0.102861 
14 36 0.580043 
15 36 0.394103 
16 36 0.352482 
17 36 0.425753 
18 36 0.694972 
19 36 0.170801 
20 36 0.00653588 
21 36 0.598958 
22 36 0.616034 
23 36 0.130631 
24 36 0.487067 
25 36 0.505746 
26 36 0.725899 
27 36 0.454622 
28 36 0.588071 
29 36 0.0661325 
30 36 0.757979 
31 36 0.243707 
32 36 0.0178241 
33 36 0.0388631 
34 36 0.354279 
35 36 0.0415281 
36 36 0.0622022 
37 36 0.542188 
38 36 0.625909 
39 36 0.769397 
40 36 0.438751 
41 36 0.742244 
42 36 0.478819 
43 36 0.165081 
44 36 0.506762 
45 36 0.216392 
46 36 0.656242 
47 36 0.223359 
48 36 0.0500829 
49 36 0.199657 
50 36 0.0209768 
51 36 0.128111 
52 36 0.162835 
53 36 0.583319 
54 36 0.580322 
55 36 0.295284 
56 36 0.710523 
57 36 0.418502 
58 36 0.0211582 
59 36 0.76943 
60 36 0.484881 
61 36 0.515231 
62 36 0.380775 
63 36 0.223238 
64 36 0.111053 
65 36 0.0578623 
66 36 0.507467 
67 36 0.573904 
68 36 0.113771 
69 36 0.221113 
70 36 0.156224 
71 36 0.776378 
72 36 0.312631 
73 36 0.0677219 
74 36 0.258806 
75 36 0.401584 
76 36 0.18898 
77 36 0.497491 
78 36 0.401581 
79 36 0.0956451 
80 36 0.0799486 
81 36 0.626924 
82 36 0.710484 
83 36 0.0570222 
84 36 0.392162 
85 36 0.600129 
86 36 0.231211 
87 36 0.316601 
88 36 0.0982613 
89 36 0.702417 
90 36 0.801049 
91 36 0.428043 
92 36 0.435489 
93 36 0.222526 
94 36 0.5281 
95 36 0.553503 
96 36 0.331145 
97 36 0.15488 
98 36 0.288498 
99 36 0.0413819 
