0 16 0.631789 
1 16 0.127795 
2 16 0.584632 
3 16 0.401383 
4 16 0.409697 
5 16 0.265773 
6 16 0.317682 
7 16 0.380061 
8 16 0.610233 
9 16 0.104695 
10 16 0.234478 
11 16 0.192788 
12 16 0.0410563 
13 16 0.648678 
14 16 0.476718 
15 16 0.520515 
16 16 0.22052 
17 16 0.114701 
18 16 0.428976 
19 16 0.381515 
20 16 0.148826 
21 16 0.0251346 
22 16 0.128722 
23 16 0.608899 
24 16 0.262517 
25 16 0.062496 
26 16 0.0760927 
27 16 0.531467 
28 16 0.360278 
29 16 0.489665 
30 16 0.557128 
31 16 0.687779 
32 16 0.182143 
33 16 0.519896 
34 16 0.67176 
35 16 0.679797 
36 16 0.520876 
37 16 0.218361 
38 16 0.499417 
39 16 0.517062 
40 16 0.292688 
41 16 0.771983 
42 16 0.0586313 
43 16 0.589333 
44 16 0.081831 
45 16 0.206356 
46 16 0.36589 
47 16 0.0834794 
48 16 0.463475 
49 16 0.584095 
50 16 0.450119 
51 16 0.715014 
52 16 0.499432 
53 16 0.483693 
54 16 0.584292 
55 16 0.438457 
56 16 0.125336 
57 16 0.342556 
58 16 0.663924 
59 16 0.114676 
60 16 0.688654 
61 16 0.497632 
62 16 0.707832 
63 16 0.649418 
64 16 0.273329 
65 16 0.259974 
66 16 0.307326 
67 16 0.409975 
68 16 0.514821 
69 16 0.679922 
70 16 0.297109 
71 16 0.388068 
72 16 0.362315 
73 16 0.747195 
74 16 0.117352 
75 16 0.164938 
76 16 0.0513468 
77 16 0.207002 
78 16 0.631655 
79 16 0.46819 
80 16 0.048222 
81 16 0.559929 
82 16 0.0927735 
83 16 0.259708 
84 16 0.633998 
85 16 0.414338 
86 16 0.524491 
87 16 0.075828 
88 16 0.436011 
89 16 0.322048 
90 16 0.126608 
91 16 0.451485 
92 16 0.585099 
93 16 0.473882 
94 16 0.0652675 
95 16 0.321216 
96 16 0.351574 
97 16 0.669429 
98 16 0.616925 
99 16 0.34429 
