0 85 0.319732 
1 85 0.329583 
2 85 0.0145538 
3 85 0.657808 
4 85 0.0818437 
5 85 0.495993 
6 85 0.454477 
7 85 0.311296 
8 85 0.455907 
9 85 0.241223 
10 85 0.586721 
11 85 0.562707 
12 85 0.115484 
13 85 0.111065 
14 85 0.597198 
15 85 0.309736 
16 85 0.434823 
17 85 0.0153781 
18 85 0.397594 
19 85 0.132666 
20 85 0.516447 
21 85 0.0763623 
22 85 0.379998 
23 85 0.628075 
24 85 0.469428 
25 85 0.440035 
26 85 0.799587 
27 85 0.531457 
28 85 0.0568399 
29 85 0.528573 
30 85 0.401142 
31 85 0.57957 
32 85 0.375922 
33 85 0.385885 
34 85 0.617805 
35 85 0.384566 
36 85 0.395712 
37 85 0.494527 
38 85 0.381293 
39 85 0.511288 
40 85 0.537717 
41 85 0.114826 
42 85 0.0385627 
43 85 0.451413 
44 85 0.484749 
45 85 0.0426565 
46 85 0.654224 
47 85 0.57366 
48 85 0.34718 
49 85 0.743887 
50 85 0.116957 
51 85 0.0470061 
52 85 0.55545 
53 85 0.184109 
54 85 0.341626 
55 85 0.351307 
56 85 0.0625118 
57 85 0.515995 
58 85 0.155862 
59 85 0.187118 
60 85 0.764037 
61 85 0.71155 
62 85 0.217374 
63 85 0.789152 
64 85 0.798616 
65 85 0.670236 
66 85 0.511819 
67 85 0.619563 
68 85 0.471267 
69 85 0.163198 
70 85 0.116452 
71 85 0.293242 
72 85 0.299516 
73 85 0.729858 
74 85 0.373173 
75 85 0.193608 
76 85 0.00277355 
77 85 0.778458 
78 85 0.359653 
79 85 0.355843 
80 85 0.732027 
81 85 0.522076 
82 85 0.0325446 
83 85 0.221934 
84 85 0.194504 
85 85 0.298314 
86 85 0.203483 
87 85 0.338067 
88 85 0.415115 
89 85 0.522472 
90 85 0.353504 
91 85 0.262977 
92 85 0.502142 
93 85 0.0146951 
94 85 0.590914 
95 85 0.756441 
96 85 0.68367 
97 85 0.556356 
98 85 0.179974 
99 85 0.388999 
