0 63 0.473374 
1 63 0.267397 
2 63 0.431962 
3 63 0.00720025 
4 63 0.482475 
5 63 0.0183577 
6 63 0.527093 
7 63 0.333501 
8 63 0.422761 
9 63 0.498837 
10 63 0.023089 
11 63 0.450848 
12 63 0.322247 
13 63 0.733369 
14 63 0.459805 
15 63 0.65956 
16 63 0.0290813 
17 63 0.212268 
18 63 0.603052 
19 63 0.291093 
20 63 0.485638 
21 63 0.411723 
22 63 0.140117 
23 63 0.307888 
24 63 0.618134 
25 63 0.709371 
26 63 0.278688 
27 63 0.421355 
28 63 0.65428 
29 63 0.454817 
30 63 0.254694 
31 63 0.437563 
32 63 0.581711 
33 63 0.666778 
34 63 0.414056 
35 63 0.575595 
36 63 0.401998 
37 63 0.16822 
38 63 0.0389112 
39 63 0.212448 
40 63 0.2064 
41 63 0.688885 
42 63 0.329944 
43 63 0.13659 
44 63 0.609854 
45 63 0.237509 
46 63 0.465193 
47 63 0.154887 
48 63 0.280756 
49 63 0.769022 
50 63 0.769633 
51 63 0.197774 
52 63 0.493571 
53 63 0.420033 
54 63 0.113871 
55 63 0.302104 
56 63 0.560736 
57 63 0.717551 
58 63 0.13191 
59 63 0.677636 
60 63 0.520539 
61 63 0.530248 
62 63 0.502496 
63 63 0.570364 
64 63 0.276906 
65 63 0.266746 
66 63 0.558109 
67 63 0.101411 
68 63 0.145771 
69 63 0.335432 
70 63 0.554897 
71 63 0.189857 
72 63 0.0698985 
73 63 0.449836 
74 63 0.258313 
75 63 0.243284 
76 63 0.189201 
77 63 0.233237 
78 63 0.295625 
79 63 0.617661 
80 63 0.39145 
81 63 0.0134422 
82 63 0.162253 
83 63 0.241347 
84 63 0.424712 
85 63 0.152087 
86 63 0.716311 
87 63 0.0909338 
88 63 0.793785 
89 63 0.498718 
90 63 0.381576 
91 63 0.72319 
92 63 0.630545 
93 63 0.640519 
94 63 0.247892 
95 63 0.00642313 
96 63 0.326911 
97 63 0.225477 
98 63 0.378062 
99 63 0.505559 
