0 53 0.530875 
1 53 0.150588 
2 53 0.272072 
3 53 0.131903 
4 53 0.0735684 
5 53 0.656409 
6 53 0.437118 
7 53 0.221998 
8 53 0.550115 
9 53 0.347494 
10 53 0.45588 
11 53 0.0570055 
12 53 0.607144 
13 53 0.034039 
14 53 0.147434 
15 53 0.801273 
16 53 0.697591 
17 53 0.153611 
18 53 0.128485 
19 53 0.591078 
20 53 0.0609586 
21 53 0.137258 
22 53 0.0229052 
23 53 0.0102027 
24 53 0.0980109 
25 53 0.509807 
26 53 0.204346 
27 53 0.28963 
28 53 0.438557 
29 53 0.618006 
30 53 0.476605 
31 53 0.791181 
32 53 0.558443 
33 53 0.00446374 
34 53 0.0676317 
35 53 0.678633 
36 53 0.652075 
37 53 0.521034 
38 53 0.706331 
39 53 0.540638 
40 53 0.187984 
41 53 0.464091 
42 53 0.721593 
43 53 0.730178 
44 53 0.11876 
45 53 0.198619 
46 53 0.274202 
47 53 0.047079 
48 53 0.195245 
49 53 0.495286 
50 53 0.377658 
51 53 0.133308 
52 53 0.342098 
53 53 0.562786 
54 53 0.585286 
55 53 0.69822 
56 53 0.0282881 
57 53 0.206099 
58 53 0.0943956 
59 53 0.283763 
60 53 0.283954 
61 53 0.464825 
62 53 0.754924 
63 53 0.320414 
64 53 0.0119333 
65 53 0.105297 
66 53 0.0201961 
67 53 0.221258 
68 53 0.112911 
69 53 0.771773 
70 53 0.0918893 
71 53 0.466556 
72 53 0.64368 
73 53 0.290957 
74 53 0.240241 
75 53 0.203163 
76 53 0.294173 
77 53 0.191587 
78 53 0.474498 
79 53 0.614444 
80 53 0.691767 
81 53 0.156522 
82 53 0.311114 
83 53 0.564727 
84 53 0.260615 
85 53 0.444717 
86 53 0.75821 
87 53 0.308674 
88 53 0.546934 
89 53 0.329472 
90 53 0.664473 
91 53 0.369666 
92 53 0.450447 
93 53 0.219668 
94 53 0.595855 
95 53 0.187755 
96 53 0.463714 
97 53 0.247774 
98 53 0.520804 
99 53 0.212769 
