0 27 0.546741 
1 27 0.0980515 
2 27 0.695472 
3 27 0.404089 
4 27 0.292479 
5 27 0.402269 
6 27 0.695824 
7 27 0.34261 
8 27 0.0392305 
9 27 0.0574132 
10 27 0.479934 
11 27 0.51274 
12 27 0.130084 
13 27 0.546782 
14 27 0.716283 
15 27 0.129172 
16 27 0.618712 
17 27 0.0737088 
18 27 0.457908 
19 27 0.674941 
20 27 0.489792 
21 27 0.687286 
22 27 0.257795 
23 27 0.0296295 
24 27 0.0804854 
25 27 0.307565 
26 27 0.562558 
27 27 0.434852 
28 27 0.152354 
29 27 0.0812724 
30 27 0.475685 
31 27 0.152312 
32 27 0.793977 
33 27 0.647395 
34 27 0.660705 
35 27 0.29559 
36 27 0.481068 
37 27 0.363611 
38 27 0.0304402 
39 27 0.643819 
40 27 0.284771 
41 27 0.157147 
42 27 0.484569 
43 27 0.209914 
44 27 0.38753 
45 27 0.53322 
46 27 0.0622769 
47 27 0.0701188 
48 27 0.65417 
49 27 0.440366 
50 27 0.334234 
51 27 0.27769 
52 27 0.438221 
53 27 0.00529794 
54 27 0.332698 
55 27 0.485917 
56 27 0.677381 
57 27 0.110601 
58 27 0.79836 
59 27 0.468954 
60 27 0.482453 
61 27 0.561237 
62 27 0.142629 
63 27 0.473473 
64 27 0.634235 
65 27 0.307281 
66 27 0.508623 
67 27 0.096995 
68 27 0.0152839 
69 27 0.15092 
70 27 0.246614 
71 27 0.449478 
72 27 0.728938 
73 27 0.248372 
74 27 0.251657 
75 27 0.512709 
76 27 0.0151725 
77 27 0.79237 
78 27 0.623154 
79 27 0.280029 
80 27 0.135708 
81 27 0.777224 
82 27 0.369054 
83 27 0.167671 
84 27 0.577371 
85 27 0.47757 
86 27 0.265379 
87 27 0.441351 
88 27 0.599775 
89 27 0.468601 
90 27 0.642796 
91 27 0.598956 
92 27 0.733517 
93 27 0.299572 
94 27 0.311214 
95 27 0.116796 
96 27 0.328509 
97 27 0.166578 
98 27 0.206696 
99 27 0.489331 
