0 11 0.093344 
1 11 0.704141 
2 11 0.350666 
3 11 0.32365 
4 11 0.685188 
5 11 0.395844 
6 11 0.0204447 
7 11 0.686803 
8 11 0.440953 
9 11 0.586927 
10 11 0.0821903 
11 11 0.488701 
12 11 0.351442 
13 11 0.063838 
14 11 0.225873 
15 11 0.264955 
16 11 0.0982299 
17 11 0.0289506 
18 11 0.0508392 
19 11 0.388261 
20 11 0.0645755 
21 11 0.443963 
22 11 0.556976 
23 11 0.793935 
24 11 0.546338 
25 11 0.635606 
26 11 0.502176 
27 11 0.324261 
28 11 0.310839 
29 11 0.38022 
30 11 0.522913 
31 11 0.0890481 
32 11 0.771642 
33 11 0.715539 
34 11 0.344054 
35 11 0.264945 
36 11 0.344515 
37 11 0.675782 
38 11 0.276284 
39 11 0.752484 
40 11 0.0400309 
41 11 0.665797 
42 11 0.317361 
43 11 0.646796 
44 11 0.0416579 
45 11 0.570661 
46 11 0.0898688 
47 11 0.481022 
48 11 0.233582 
49 11 0.313254 
50 11 0.521301 
51 11 0.319532 
52 11 0.247389 
53 11 0.301664 
54 11 0.44678 
55 11 0.131462 
56 11 0.225076 
57 11 0.479244 
58 11 0.50251 
59 11 0.272083 
60 11 0.764368 
61 11 0.437375 
62 11 0.593667 
63 11 0.732741 
64 11 0.494194 
65 11 0.0107729 
66 11 0.555485 
67 11 0.753448 
68 11 0.598655 
69 11 0.6027 
70 11 0.786686 
71 11 0.578624 
72 11 0.0885161 
73 11 0.0533349 
74 11 0.471272 
75 11 0.472879 
76 11 0.523587 
77 11 0.262268 
78 11 0.34399 
79 11 0.634855 
80 11 0.50272 
81 11 0.277666 
82 11 0.112503 
83 11 0.64668 
84 11 0.0814921 
85 11 0.144645 
86 11 0.684869 
87 11 0.111239 
88 11 0.794441 
89 11 0.345005 
90 11 0.00765496 
91 11 0.410868 
92 11 0.436776 
93 11 0.767743 
94 11 0.479941 
95 11 0.0652277 
96 11 0.539933 
97 11 0.275498 
98 11 0.0842058 
99 11 0.677722 
