0 74 0.639252 
1 74 0.623166 
2 74 0.595801 
3 74 0.139199 
4 74 0.800229 
5 74 0.472715 
6 74 0.00239628 
7 74 0.0690563 
8 74 0.573324 
9 74 0.498637 
10 74 0.224008 
11 74 0.713118 
12 74 0.530803 
13 74 0.715673 
14 74 0.0518844 
15 74 0.475976 
16 74 0.0795278 
17 74 0.755234 
18 74 0.763776 
19 74 0.0163623 
20 74 0.275823 
21 74 0.331491 
22 74 0.719325 
23 74 0.207098 
24 74 0.561591 
25 74 0.619368 
26 74 0.530902 
27 74 0.387216 
28 74 0.32021 
29 74 0.266748 
30 74 0.439258 
31 74 0.762222 
32 74 0.539703 
33 74 0.181743 
34 74 0.188617 
35 74 0.421868 
36 74 0.0773272 
37 74 0.010251 
38 74 0.468759 
39 74 0.660474 
40 74 0.728242 
41 74 0.525953 
42 74 0.34553 
43 74 0.166365 
44 74 0.336365 
45 74 0.458197 
46 74 0.224972 
47 74 0.028614 
48 74 0.623224 
49 74 0.504566 
50 74 0.257954 
51 74 0.590695 
52 74 0.112821 
53 74 0.138049 
54 74 0.729037 
55 74 0.429662 
56 74 0.781619 
57 74 0.329786 
58 74 0.411221 
59 74 0.511106 
60 74 0.21564 
61 74 0.800409 
62 74 0.241674 
63 74 0.497609 
64 74 0.422967 
65 74 0.365081 
66 74 0.282586 
67 74 0.545854 
68 74 0.345035 
69 74 0.0864328 
70 74 0.683878 
71 74 0.440824 
72 74 0.155895 
73 74 0.623021 
74 74 0.099883 
75 74 0.543981 
76 74 0.339169 
77 74 0.123751 
78 74 0.754759 
79 74 0.210775 
80 74 0.345447 
81 74 0.0378034 
82 74 0.446104 
83 74 0.758848 
84 74 0.0812964 
85 74 0.162176 
86 74 0.373599 
87 74 0.354411 
88 74 0.536613 
89 74 0.514067 
90 74 0.211471 
91 74 0.703065 
92 74 0.333483 
93 74 0.50883 
94 74 0.393582 
95 74 0.0895968 
96 74 0.0814832 
97 74 0.30411 
98 74 0.0416846 
99 74 0.678193 
