0 28 0.69864 
1 28 0.0329992 
2 28 0.262085 
3 28 0.127209 
4 28 0.0887721 
5 28 0.187162 
6 28 0.0457023 
7 28 0.651281 
8 28 0.268701 
9 28 0.401185 
10 28 0.429537 
11 28 0.54482 
12 28 0.279595 
13 28 0.505478 
14 28 0.769494 
15 28 0.290897 
16 28 0.573229 
17 28 0.289851 
18 28 0.719235 
19 28 0.13229 
20 28 0.321277 
21 28 0.746098 
22 28 0.29684 
23 28 0.286062 
24 28 0.726818 
25 28 0.277272 
26 28 0.602763 
27 28 0.547621 
28 28 0.693147 
29 28 0.793758 
30 28 0.653203 
31 28 0.708715 
32 28 0.700776 
33 28 0.224327 
34 28 0.731731 
35 28 0.165897 
36 28 0.344823 
37 28 0.625957 
38 28 0.529013 
39 28 0.166711 
40 28 0.567969 
41 28 0.0504597 
42 28 0.00300024 
43 28 0.116809 
44 28 0.676558 
45 28 0.415013 
46 28 0.480767 
47 28 0.629478 
48 28 0.0557969 
49 28 0.13108 
50 28 0.345353 
51 28 0.387913 
52 28 0.036913 
53 28 0.15394 
54 28 0.268158 
55 28 0.307925 
56 28 0.0383689 
57 28 0.641897 
58 28 0.650802 
59 28 0.12136 
60 28 0.0235784 
61 28 0.243651 
62 28 0.309713 
63 28 0.206457 
64 28 0.0795172 
65 28 0.0578855 
66 28 0.637405 
67 28 0.77696 
68 28 0.178423 
69 28 0.531879 
70 28 0.397288 
71 28 0.0895551 
72 28 0.472856 
73 28 0.156057 
74 28 0.125802 
75 28 0.684607 
76 28 0.0230132 
77 28 0.386439 
78 28 0.555353 
79 28 0.446952 
80 28 0.381893 
81 28 0.129122 
82 28 0.0705045 
83 28 0.23679 
84 28 0.410414 
85 28 0.223794 
86 28 0.268308 
87 28 0.582791 
88 28 0.284511 
89 28 0.570441 
90 28 0.749306 
91 28 0.377033 
92 28 0.268792 
93 28 0.0888661 
94 28 0.283194 
95 28 0.665692 
96 28 0.488787 
97 28 0.0768662 
98 28 0.0125243 
99 28 0.433443 
