0 12 0.554206 
1 12 0.0675282 
2 12 0.481175 
3 12 0.0686382 
4 12 0.10532 
5 12 0.106992 
6 12 0.0597108 
7 12 0.253345 
8 12 0.794464 
9 12 0.608539 
10 12 0.411406 
11 12 0.792584 
12 12 0.517697 
13 12 0.56483 
14 12 0.523467 
15 12 0.121434 
16 12 0.458748 
17 12 0.325789 
18 12 0.783322 
19 12 0.191589 
20 12 0.615358 
21 12 0.0445691 
22 12 0.254364 
23 12 0.726566 
24 12 0.366238 
25 12 0.58342 
26 12 0.550032 
27 12 0.108369 
28 12 0.567318 
29 12 0.511522 
30 12 0.203723 
31 12 0.784658 
32 12 0.261925 
33 12 0.719013 
34 12 0.601475 
35 12 0.432992 
36 12 0.752474 
37 12 0.65132 
38 12 0.257688 
39 12 0.652486 
40 12 0.157213 
41 12 0.467214 
42 12 0.355376 
43 12 0.512134 
44 12 0.63146 
45 12 0.747044 
46 12 0.392851 
47 12 0.229377 
48 12 0.125372 
49 12 0.262301 
50 12 0.264714 
51 12 0.106355 
52 12 0.690633 
53 12 0.395754 
54 12 0.00519718 
55 12 0.771862 
56 12 0.170525 
57 12 0.332453 
58 12 0.718912 
59 12 0.744782 
60 12 0.500397 
61 12 0.0267935 
62 12 0.720217 
63 12 0.716829 
64 12 0.627509 
65 12 0.651096 
66 12 0.204905 
67 12 0.584844 
68 12 0.538863 
69 12 0.298781 
70 12 0.750896 
71 12 0.470336 
72 12 0.117653 
73 12 0.364787 
74 12 0.553337 
75 12 0.560936 
76 12 0.279446 
77 12 0.800668 
78 12 0.188874 
79 12 0.128148 
80 12 0.448314 
81 12 0.669614 
82 12 0.276103 
83 12 0.344022 
84 12 0.0594001 
85 12 0.216595 
86 12 0.231176 
87 12 0.127272 
88 12 0.484271 
89 12 0.606747 
90 12 0.0217154 
91 12 0.183029 
92 12 0.791488 
93 12 0.566121 
94 12 0.25616 
95 12 0.55065 
96 12 0.167459 
97 12 0.100067 
98 12 0.722514 
99 12 0.00924541 
