0 46 0.790245 
1 46 0.432229 
2 46 0.676793 
3 46 0.599346 
4 46 0.421961 
5 46 0.279428 
6 46 0.29368 
7 46 0.211749 
8 46 0.671799 
9 46 0.505208 
10 46 0.494984 
11 46 0.0226894 
12 46 0.0307734 
13 46 0.458899 
14 46 0.40022 
15 46 0.415398 
16 46 0.330234 
17 46 0.692706 
18 46 0.51739 
19 46 0.0364527 
20 46 0.0958862 
21 46 0.341296 
22 46 0.397863 
23 46 0.458552 
24 46 0.125612 
25 46 0.729833 
26 46 0.770889 
27 46 0.474362 
28 46 0.632733 
29 46 0.072679 
30 46 0.633978 
31 46 0.650687 
32 46 0.188504 
33 46 0.390624 
34 46 0.579295 
35 46 0.467267 
36 46 0.061664 
37 46 0.506791 
38 46 0.0253045 
39 46 0.286812 
40 46 0.20157 
41 46 0.613858 
42 46 0.304105 
43 46 0.728852 
44 46 0.403668 
45 46 0.0297461 
46 46 0.329976 
47 46 0.192981 
48 46 0.295381 
49 46 0.800303 
50 46 0.286653 
51 46 0.692754 
52 46 0.56954 
53 46 0.582149 
54 46 0.22696 
55 46 0.730042 
56 46 0.652141 
57 46 0.553852 
58 46 0.501662 
59 46 0.646446 
60 46 0.538758 
61 46 0.43799 
62 46 0.165714 
63 46 0.213554 
64 46 0.169237 
65 46 0.772559 
66 46 0.576746 
67 46 0.20422 
68 46 0.356741 
69 46 0.0231195 
70 46 0.36237 
71 46 0.0873522 
72 46 0.768334 
73 46 0.61321 
74 46 0.17605 
75 46 0.166725 
76 46 0.405953 
77 46 0.535411 
78 46 0.24105 
79 46 0.663286 
80 46 0.363096 
81 46 0.547754 
82 46 0.146228 
83 46 0.494192 
84 46 0.329719 
85 46 0.55015 
86 46 0.736508 
87 46 0.0724 
88 46 0.060497 
89 46 0.237566 
90 46 0.602215 
91 46 0.335579 
92 46 0.0120274 
93 46 0.764496 
94 46 0.0592363 
95 46 0.490252 
96 46 0.480697 
97 46 0.351264 
98 46 0.128227 
99 46 0.703113 
