0 2 0.59019 
1 2 0.163696 
2 2 0.423413 
3 2 0.345155 
4 2 0.221682 
5 2 0.520504 
6 2 0.253543 
7 2 0.705873 
8 2 0.361063 
9 2 0.553573 
10 2 0.356349 
11 2 0.190826 
12 2 0.695225 
13 2 0.315483 
14 2 0.136198 
15 2 0.54677 
16 2 0.0101639 
17 2 0.626029 
18 2 0.0903416 
19 2 0.123223 
20 2 0.134706 
21 2 0.653405 
22 2 0.518222 
23 2 0.632762 
24 2 0.444371 
25 2 0.778615 
26 2 0.363114 
27 2 0.545847 
28 2 0.0596082 
29 2 0.196105 
30 2 0.12404 
31 2 0.603169 
32 2 0.31753 
33 2 0.753159 
34 2 0.0700226 
35 2 0.503791 
36 2 0.00764093 
37 2 0.493795 
38 2 0.296783 
39 2 0.184125 
40 2 0.0364383 
41 2 0.328947 
42 2 0.744239 
43 2 0.594501 
44 2 0.712145 
45 2 0.246659 
46 2 0.370551 
47 2 0.0558917 
48 2 0.750591 
49 2 0.0125734 
50 2 0.301455 
51 2 0.590975 
52 2 0.259964 
53 2 0.599203 
54 2 0.0418165 
55 2 0.241411 
56 2 0.231729 
57 2 0.411984 
58 2 0.182477 
59 2 0.617447 
60 2 0.484227 
61 2 0.393583 
62 2 0.415198 
63 2 0.629074 
64 2 0.0799143 
65 2 0.757876 
66 2 0.139539 
67 2 0.755157 
68 2 0.332269 
69 2 0.508377 
70 2 0.166571 
71 2 0.204618 
72 2 0.278644 
73 2 0.428914 
74 2 0.400258 
75 2 0.135819 
76 2 0.639122 
77 2 0.449174 
78 2 0.614322 
79 2 0.773897 
80 2 0.211393 
81 2 0.0751431 
82 2 0.0455397 
83 2 0.558491 
84 2 0.522933 
85 2 0.457061 
86 2 0.421512 
87 2 0.1966 
88 2 0.361068 
89 2 0.590244 
90 2 0.402671 
91 2 0.42046 
92 2 0.439021 
93 2 0.642902 
94 2 0.291101 
95 2 0.642219 
96 2 0.026803 
97 2 0.0357567 
98 2 0.282403 
99 2 0.105654 
