0 77 0.767021 
1 77 0.0543271 
2 77 0.196575 
3 77 0.210951 
4 77 0.505676 
5 77 0.53011 
6 77 0.365272 
7 77 0.0271624 
8 77 0.801392 
9 77 0.623171 
10 77 0.664454 
11 77 0.0665318 
12 77 0.57622 
13 77 0.556585 
14 77 0.229113 
15 77 0.463118 
16 77 0.680091 
17 77 0.254642 
18 77 0.49423 
19 77 0.496856 
20 77 0.0342393 
21 77 0.797368 
22 77 0.091813 
23 77 0.369662 
24 77 0.295208 
25 77 0.466909 
26 77 0.145712 
27 77 0.337519 
28 77 0.023296 
29 77 0.498556 
30 77 0.799353 
31 77 0.570042 
32 77 0.511097 
33 77 0.281292 
34 77 0.283315 
35 77 0.528551 
36 77 0.45616 
37 77 0.64391 
38 77 0.154529 
39 77 0.64152 
40 77 0.157041 
41 77 0.629612 
42 77 0.789662 
43 77 0.736709 
44 77 0.175539 
45 77 0.371542 
46 77 0.181601 
47 77 0.30745 
48 77 0.732324 
49 77 0.657355 
50 77 0.349857 
51 77 0.590705 
52 77 0.549458 
53 77 0.0584069 
54 77 0.317385 
55 77 0.800344 
56 77 0.654458 
57 77 0.723839 
58 77 0.498765 
59 77 0.560935 
60 77 0.695094 
61 77 0.309438 
62 77 0.430563 
63 77 0.438581 
64 77 0.70513 
65 77 0.157832 
66 77 0.509148 
67 77 0.668251 
68 77 0.637495 
69 77 0.229949 
70 77 0.620683 
71 77 0.463973 
72 77 0.620286 
73 77 0.0930841 
74 77 0.167602 
75 77 0.539152 
76 77 0.298239 
77 77 0.722712 
78 77 0.642808 
79 77 0.115233 
80 77 0.296156 
81 77 0.611764 
82 77 0.0158687 
83 77 0.366799 
84 77 0.04115 
85 77 0.255485 
86 77 0.169684 
87 77 0.542751 
88 77 0.396706 
89 77 0.100355 
90 77 0.55613 
91 77 0.661192 
92 77 0.513027 
93 77 0.0337354 
94 77 0.046242 
95 77 0.614649 
96 77 0.315733 
97 77 0.672791 
98 77 0.564401 
99 77 0.659566 
