0 81 0.342656 
1 81 0.137784 
2 81 0.244406 
3 81 0.465966 
4 81 0.772479 
5 81 0.193401 
6 81 0.69654 
7 81 0.152242 
8 81 0.363569 
9 81 0.483713 
10 81 0.560775 
11 81 0.593461 
12 81 0.74365 
13 81 0.113622 
14 81 0.0413146 
15 81 0.768885 
16 81 0.18023 
17 81 0.754823 
18 81 0.314989 
19 81 0.44054 
20 81 0.453027 
21 81 0.271735 
22 81 0.134777 
23 81 0.0986584 
24 81 0.500845 
25 81 0.451538 
26 81 0.794418 
27 81 0.45791 
28 81 0.765102 
29 81 0.391952 
30 81 0.685806 
31 81 0.45024 
32 81 0.0751799 
33 81 0.758197 
34 81 0.424665 
35 81 0.798767 
36 81 0.766734 
37 81 0.23048 
38 81 0.528992 
39 81 0.273694 
40 81 0.693253 
41 81 0.461408 
42 81 0.638813 
43 81 0.558274 
44 81 0.057179 
45 81 0.711029 
46 81 0.517146 
47 81 0.750264 
48 81 0.202187 
49 81 0.627781 
50 81 0.180053 
51 81 0.371553 
52 81 0.405094 
53 81 0.296622 
54 81 0.526752 
55 81 0.165149 
56 81 0.569699 
57 81 0.481999 
58 81 0.73682 
59 81 0.0242272 
60 81 0.145651 
61 81 0.279876 
62 81 0.339269 
63 81 0.283192 
64 81 0.589341 
65 81 0.743353 
66 81 0.025893 
67 81 0.749597 
68 81 0.248144 
69 81 0.0741148 
70 81 0.197353 
71 81 0.71728 
72 81 0.196352 
73 81 0.120149 
74 81 0.588389 
75 81 0.456557 
76 81 0.717973 
77 81 0.38695 
78 81 0.352628 
79 81 0.53154 
80 81 0.549533 
81 81 0.436918 
82 81 0.617597 
83 81 0.494493 
84 81 0.354569 
85 81 0.160942 
86 81 0.391375 
87 81 0.384579 
88 81 0.254886 
89 81 0.445305 
90 81 0.221538 
91 81 0.675135 
92 81 0.208329 
93 81 0.567959 
94 81 0.231205 
95 81 0.126686 
96 81 0.0356669 
97 81 0.148476 
98 81 0.743042 
99 81 0.297388 
