0 13 0.301983 
1 13 0.721447 
2 13 0.222453 
3 13 0.673752 
4 13 0.51264 
5 13 0.343832 
6 13 0.531642 
7 13 0.252177 
8 13 0.368473 
9 13 0.551553 
10 13 0.184161 
11 13 0.577825 
12 13 0.0773735 
13 13 0.653256 
14 13 0.332445 
15 13 0.752291 
16 13 0.48964 
17 13 0.26347 
18 13 0.354499 
19 13 0.274212 
20 13 0.294387 
21 13 0.0200393 
22 13 0.316528 
23 13 0.403979 
24 13 0.452854 
25 13 0.457047 
26 13 0.667547 
27 13 0.208521 
28 13 0.713329 
29 13 0.0490459 
30 13 0.719092 
31 13 0.323694 
32 13 0.653386 
33 13 0.0301836 
34 13 0.158143 
35 13 0.358433 
36 13 0.0933095 
37 13 0.783843 
38 13 0.444018 
39 13 0.450926 
40 13 0.431945 
41 13 0.152185 
42 13 0.722718 
43 13 0.515413 
44 13 0.151073 
45 13 0.299258 
46 13 0.738276 
47 13 0.720397 
48 13 0.0181554 
49 13 0.766335 
50 13 0.8011 
51 13 0.456628 
52 13 0.761374 
53 13 0.19026 
54 13 0.235799 
55 13 0.151285 
56 13 0.19331 
57 13 0.67435 
58 13 0.00437128 
59 13 0.267092 
60 13 0.794485 
61 13 0.539624 
62 13 0.602622 
63 13 0.781429 
64 13 0.147998 
65 13 0.569175 
66 13 0.59681 
67 13 0.3932 
68 13 0.610508 
69 13 0.17503 
70 13 0.634044 
71 13 0.366829 
72 13 0.481841 
73 13 0.0494719 
74 13 0.505069 
75 13 0.658057 
76 13 0.359199 
77 13 0.302241 
78 13 0.274984 
79 13 0.120834 
80 13 0.323598 
81 13 0.128918 
82 13 0.0474181 
83 13 0.0588181 
84 13 0.63504 
85 13 0.739008 
86 13 0.582968 
87 13 0.0606437 
88 13 0.324911 
89 13 0.357988 
90 13 0.219651 
91 13 0.398284 
92 13 0.544417 
93 13 0.272634 
94 13 0.575009 
95 13 0.418028 
96 13 0.17697 
97 13 0.225139 
98 13 0.47925 
99 13 0.750011 
