0 89 0.789874 
1 89 0.465881 
2 89 0.601319 
3 89 0.381246 
4 89 0.610431 
5 89 0.705673 
6 89 0.757534 
7 89 0.112587 
8 89 0.602239 
9 89 0.295611 
10 89 0.711449 
11 89 0.00792415 
12 89 0.221631 
13 89 0.473912 
14 89 0.0419963 
15 89 0.612982 
16 89 0.447492 
17 89 0.26387 
18 89 0.746082 
19 89 0.0715373 
20 89 0.557265 
21 89 0.194845 
22 89 0.272047 
23 89 0.345719 
24 89 0.418715 
25 89 0.374469 
26 89 0.171147 
27 89 0.405976 
28 89 0.308439 
29 89 0.248328 
30 89 0.568099 
31 89 0.700327 
32 89 0.404301 
33 89 0.615874 
34 89 0.173343 
35 89 0.452898 
36 89 0.0541029 
37 89 0.408288 
38 89 0.324757 
39 89 0.783473 
40 89 0.724793 
41 89 0.0805447 
42 89 0.563783 
43 89 0.761321 
44 89 0.465289 
45 89 0.745192 
46 89 0.745034 
47 89 0.791421 
48 89 0.678637 
49 89 0.514644 
50 89 0.554969 
51 89 0.565279 
52 89 0.568181 
53 89 0.536953 
54 89 0.800611 
55 89 0.109024 
56 89 0.0759138 
57 89 0.17768 
58 89 0.213802 
59 89 0.578024 
60 89 0.0355957 
61 89 0.463874 
62 89 0.405967 
63 89 0.462702 
64 89 0.354507 
65 89 0.121913 
66 89 0.411263 
67 89 0.0238812 
68 89 0.323631 
69 89 0.232633 
70 89 0.654724 
71 89 0.380844 
72 89 0.195848 
73 89 0.4879 
74 89 0.566097 
75 89 0.068119 
76 89 0.438037 
77 89 0.797742 
78 89 0.707398 
79 89 0.48211 
80 89 0.281186 
81 89 0.272633 
82 89 0.741426 
83 89 0.1897 
84 89 0.0536038 
85 89 0.764424 
86 89 0.550904 
87 89 0.758929 
88 89 0.673279 
89 89 0.117833 
90 89 0.741212 
91 89 0.168383 
92 89 0.228115 
93 89 0.634569 
94 89 0.298723 
95 89 0.490771 
96 89 0.310238 
97 89 0.647064 
98 89 0.557133 
99 89 0.627176 
