0 57 0.329271 
1 57 0.748181 
2 57 0.531763 
3 57 0.402952 
4 57 0.259921 
5 57 0.0425661 
6 57 0.588547 
7 57 0.504156 
8 57 0.788908 
9 57 0.215812 
10 57 0.161741 
11 57 0.514492 
12 57 0.274419 
13 57 0.215598 
14 57 0.703069 
15 57 0.50138 
16 57 0.664011 
17 57 0.150203 
18 57 0.547781 
19 57 0.293777 
20 57 0.550839 
21 57 0.267731 
22 57 0.753807 
23 57 0.0127387 
24 57 0.671273 
25 57 0.102103 
26 57 0.570449 
27 57 0.331819 
28 57 0.177492 
29 57 0.241452 
30 57 0.649439 
31 57 0.00820619 
32 57 0.635447 
33 57 0.361915 
34 57 0.577177 
35 57 0.712644 
36 57 0.461741 
37 57 0.236433 
38 57 0.573447 
39 57 0.150778 
40 57 0.716936 
41 57 0.765445 
42 57 0.641483 
43 57 0.584768 
44 57 0.543956 
45 57 0.753489 
46 57 0.545751 
47 57 0.735004 
48 57 0.572338 
49 57 0.385741 
50 57 0.801898 
51 57 0.641036 
52 57 0.533587 
53 57 0.224552 
54 57 0.569356 
55 57 0.239184 
56 57 0.24883 
57 57 0.319731 
58 57 0.226072 
59 57 0.79171 
60 57 0.247496 
61 57 0.469165 
62 57 0.648403 
63 57 0.433846 
64 57 0.0779495 
65 57 0.75702 
66 57 0.452506 
67 57 0.459765 
68 57 0.620864 
69 57 0.180374 
70 57 0.783274 
71 57 0.508018 
72 57 0.359714 
73 57 0.498585 
74 57 0.273726 
75 57 0.0614569 
76 57 0.482106 
77 57 0.717418 
78 57 0.316203 
79 57 0.431049 
80 57 0.305183 
81 57 0.301628 
82 57 0.404976 
83 57 0.0517488 
84 57 0.104508 
85 57 0.165411 
86 57 0.157413 
87 57 0.577443 
88 57 0.456319 
89 57 0.628522 
90 57 0.792833 
91 57 0.251327 
92 57 0.472698 
93 57 0.337069 
94 57 0.618414 
95 57 0.487073 
96 57 0.64118 
97 57 0.0526159 
98 57 0.674707 
99 57 0.179345 
