0 86 0.170417 
1 86 0.641532 
2 86 0.243858 
3 86 0.262068 
4 86 0.755771 
5 86 0.0993583 
6 86 0.0740965 
7 86 0.494357 
8 86 0.207361 
9 86 0.065849 
10 86 0.393513 
11 86 0.600849 
12 86 0.714654 
13 86 0.222721 
14 86 0.643482 
15 86 0.34223 
16 86 0.733134 
17 86 0.380227 
18 86 0.52117 
19 86 0.608062 
20 86 0.248836 
21 86 0.677614 
22 86 0.229959 
23 86 0.585945 
24 86 0.504447 
25 86 0.176014 
26 86 0.601893 
27 86 0.72081 
28 86 0.486878 
29 86 0.347711 
30 86 0.190003 
31 86 0.588561 
32 86 0.175025 
33 86 0.577415 
34 86 0.678684 
35 86 0.250342 
36 86 0.455753 
37 86 0.118102 
38 86 0.041689 
39 86 0.453005 
40 86 0.58773 
41 86 0.144889 
42 86 0.386086 
43 86 0.551606 
44 86 0.793757 
45 86 0.416951 
46 86 0.700927 
47 86 0.108523 
48 86 0.309208 
49 86 0.168556 
50 86 0.611619 
51 86 0.0774524 
52 86 0.19327 
53 86 0.176824 
54 86 0.351101 
55 86 0.290633 
56 86 0.53344 
57 86 0.198178 
58 86 0.502109 
59 86 0.102161 
60 86 0.0595451 
61 86 0.614698 
62 86 0.0442053 
63 86 0.210249 
64 86 0.177747 
65 86 0.286444 
66 86 0.793398 
67 86 0.0149073 
68 86 0.689137 
69 86 0.441363 
70 86 0.0670818 
71 86 0.231 
72 86 0.302647 
73 86 0.753634 
74 86 0.229583 
75 86 0.757217 
76 86 0.476297 
77 86 0.252524 
78 86 0.658152 
79 86 0.474524 
80 86 0.595096 
81 86 0.654335 
82 86 0.732172 
83 86 0.0716085 
84 86 0.231165 
85 86 0.695637 
86 86 0.574505 
87 86 0.754452 
88 86 0.112461 
89 86 0.12142 
90 86 0.516007 
91 86 0.351236 
92 86 0.107837 
93 86 0.604953 
94 86 0.685679 
95 86 0.710319 
96 86 0.144237 
97 86 0.253065 
98 86 0.247744 
99 86 0.437369 
