0 75 0.634652 
1 75 0.207946 
2 75 0.206499 
3 75 0.4979 
4 75 0.753356 
5 75 0.7121 
6 75 0.332625 
7 75 0.143995 
8 75 0.18582 
9 75 0.187049 
10 75 0.223285 
11 75 0.0151886 
12 75 0.532276 
13 75 0.613401 
14 75 0.255561 
15 75 0.321945 
16 75 0.240104 
17 75 0.54649 
18 75 0.390102 
19 75 0.41285 
20 75 0.715447 
21 75 0.546608 
22 75 0.105655 
23 75 0.295078 
24 75 0.292161 
25 75 0.636604 
26 75 0.348247 
27 75 0.627804 
28 75 0.727515 
29 75 0.697001 
30 75 0.51693 
31 75 0.325745 
32 75 0.394933 
33 75 0.790157 
34 75 0.530482 
35 75 0.343041 
36 75 0.683676 
37 75 0.671262 
38 75 0.174992 
39 75 0.18613 
40 75 0.344642 
41 75 0.209269 
42 75 0.688732 
43 75 0.762292 
44 75 0.378739 
45 75 0.0734351 
46 75 0.690134 
47 75 0.0271376 
48 75 0.00821979 
49 75 0.383762 
50 75 0.323125 
51 75 0.600092 
52 75 0.0916399 
53 75 0.483515 
54 75 0.482415 
55 75 0.0264472 
56 75 0.695767 
57 75 0.562264 
58 75 0.302959 
59 75 0.466797 
60 75 0.347027 
61 75 0.027214 
62 75 0.458103 
63 75 0.147157 
64 75 0.144851 
65 75 0.0159632 
66 75 0.28861 
67 75 0.641487 
68 75 0.134588 
69 75 0.523015 
70 75 0.339819 
71 75 0.320005 
72 75 0.228222 
73 75 0.127401 
74 75 0.397256 
75 75 0.439522 
76 75 0.446302 
77 75 0.515722 
78 75 0.31533 
79 75 0.319196 
80 75 0.453673 
81 75 0.206273 
82 75 0.117946 
83 75 0.390391 
84 75 0.506966 
85 75 0.147022 
86 75 0.366939 
87 75 0.62708 
88 75 0.587552 
89 75 0.243926 
90 75 0.335195 
91 75 0.696455 
92 75 0.760257 
93 75 0.772158 
94 75 0.0425287 
95 75 0.526041 
96 75 0.502726 
97 75 0.786692 
98 75 0.714185 
99 75 0.521597 
