0 65 0.754638 
1 65 0.322412 
2 65 0.794234 
3 65 0.538961 
4 65 0.757761 
5 65 0.769263 
6 65 0.473065 
7 65 0.227655 
8 65 0.41732 
9 65 0.119018 
10 65 0.0754052 
11 65 0.776156 
12 65 0.3304 
13 65 0.669904 
14 65 0.545635 
15 65 0.0287468 
16 65 0.292583 
17 65 0.607968 
18 65 0.609721 
19 65 0.530742 
20 65 0.31633 
21 65 0.77846 
22 65 0.110444 
23 65 0.482643 
24 65 0.0879942 
25 65 0.250942 
26 65 0.680422 
27 65 0.184918 
28 65 0.00241146 
29 65 0.366916 
30 65 0.535698 
31 65 0.334874 
32 65 0.223047 
33 65 0.613563 
34 65 0.501225 
35 65 0.120063 
36 65 0.441746 
37 65 0.746813 
38 65 0.671032 
39 65 0.307702 
40 65 0.442423 
41 65 0.662732 
42 65 0.232181 
43 65 0.552106 
44 65 0.681688 
45 65 0.50602 
46 65 0.672501 
47 65 0.244152 
48 65 0.563303 
49 65 0.181275 
50 65 0.395277 
51 65 0.457581 
52 65 0.797213 
53 65 0.620489 
54 65 0.788091 
55 65 0.265571 
56 65 0.282005 
57 65 0.225874 
58 65 0.678572 
59 65 0.737893 
60 65 0.698794 
61 65 0.415402 
62 65 0.716854 
63 65 0.368566 
64 65 0.733239 
65 65 0.797924 
66 65 0.148811 
67 65 0.0743776 
68 65 0.0787777 
69 65 0.553336 
70 65 0.498996 
71 65 0.333037 
72 65 0.755679 
73 65 0.113164 
74 65 0.0808027 
75 65 0.262759 
76 65 0.108975 
77 65 0.792506 
78 65 0.35417 
79 65 0.504677 
80 65 0.686264 
81 65 0.22979 
82 65 0.633842 
83 65 0.711632 
84 65 0.267955 
85 65 0.784126 
86 65 0.768276 
87 65 0.441776 
88 65 0.749028 
89 65 0.318308 
90 65 0.31357 
91 65 0.105347 
92 65 0.328655 
93 65 0.0734661 
94 65 0.750369 
95 65 0.024293 
96 65 0.150833 
97 65 0.326616 
98 65 0.740534 
99 65 0.173135 
