0 69 0.534797 
1 69 0.544429 
2 69 0.730226 
3 69 0.646007 
4 69 0.0397026 
5 69 0.275558 
6 69 0.194574 
7 69 0.754032 
8 69 0.0526929 
9 69 0.394722 
10 69 0.63552 
11 69 0.457519 
12 69 0.490646 
13 69 0.153238 
14 69 0.460214 
15 69 0.800646 
16 69 0.00840196 
17 69 0.774995 
18 69 0.477157 
19 69 0.385286 
20 69 0.343467 
21 69 0.0228217 
22 69 0.0317641 
23 69 0.801825 
24 69 0.603944 
25 69 0.424304 
26 69 0.492369 
27 69 0.605672 
28 69 0.129404 
29 69 0.374258 
30 69 0.305802 
31 69 0.477191 
32 69 0.240122 
33 69 0.663248 
34 69 0.536342 
35 69 0.0739936 
36 69 0.759475 
37 69 0.741267 
38 69 0.561241 
39 69 0.157592 
40 69 0.746417 
41 69 0.0424522 
42 69 0.0827266 
43 69 0.505732 
44 69 0.269263 
45 69 0.517115 
46 69 0.651948 
47 69 0.0780381 
48 69 0.710802 
49 69 0.385013 
50 69 0.637132 
51 69 0.33706 
52 69 0.659315 
53 69 0.472817 
54 69 0.202452 
55 69 0.39228 
56 69 0.215577 
57 69 0.369174 
58 69 0.0956968 
59 69 0.575795 
60 69 0.730006 
61 69 0.533178 
62 69 0.731574 
63 69 0.19784 
64 69 0.432516 
65 69 0.230431 
66 69 0.478449 
67 69 0.367855 
68 69 0.523343 
69 69 0.0169213 
70 69 0.060049 
71 69 0.0320057 
72 69 0.651326 
73 69 0.709595 
74 69 0.407576 
75 69 0.069574 
76 69 0.665011 
77 69 0.790206 
78 69 0.57203 
79 69 0.25406 
80 69 0.141846 
81 69 0.0169646 
82 69 0.364329 
83 69 0.214246 
84 69 0.525608 
85 69 0.0668589 
86 69 0.498997 
87 69 0.605402 
88 69 0.282131 
89 69 0.105631 
90 69 0.705472 
91 69 0.342844 
92 69 0.417346 
93 69 0.334323 
94 69 0.585603 
95 69 0.11617 
96 69 0.700561 
97 69 0.421294 
98 69 0.457702 
99 69 0.339385 
