0 49 0.454093 
1 49 0.0232491 
2 49 0.663552 
3 49 0.0776911 
4 49 0.323329 
5 49 0.130019 
6 49 0.750477 
7 49 0.164381 
8 49 0.596894 
9 49 0.421264 
10 49 0.061214 
11 49 0.531596 
12 49 0.170352 
13 49 0.350826 
14 49 0.604001 
15 49 0.484644 
16 49 0.495757 
17 49 0.233603 
18 49 0.425337 
19 49 0.764124 
20 49 0.285051 
21 49 0.605697 
22 49 0.73353 
23 49 0.769941 
24 49 0.0414561 
25 49 0.412893 
26 49 0.793651 
27 49 0.45794 
28 49 0.0295286 
29 49 0.372247 
30 49 0.382943 
31 49 0.313914 
32 49 0.742642 
33 49 0.53694 
34 49 0.480147 
35 49 0.676515 
36 49 0.456857 
37 49 0.0383657 
38 49 0.151031 
39 49 0.651211 
40 49 0.136659 
41 49 0.626824 
42 49 0.339612 
43 49 0.0988444 
44 49 0.21534 
45 49 0.0703003 
46 49 0.363612 
47 49 0.670486 
48 49 0.254586 
49 49 0.762322 
50 49 0.352798 
51 49 0.523159 
52 49 0.101001 
53 49 0.19016 
54 49 0.432891 
55 49 0.131087 
56 49 0.702673 
57 49 0.0423642 
58 49 0.161192 
59 49 0.700087 
60 49 0.424685 
61 49 0.126293 
62 49 0.298625 
63 49 0.223967 
64 49 0.0358184 
65 49 0.311922 
66 49 0.0177132 
67 49 0.746762 
68 49 0.427161 
69 49 0.735114 
70 49 0.489915 
71 49 0.0813685 
72 49 0.678597 
73 49 0.246755 
74 49 0.627435 
75 49 0.313335 
76 49 0.150317 
77 49 0.755693 
78 49 0.736476 
79 49 0.509047 
80 49 0.414112 
81 49 0.514635 
82 49 0.653862 
83 49 0.500121 
84 49 0.100093 
85 49 0.2931 
86 49 0.237498 
87 49 0.119305 
88 49 0.0223224 
89 49 0.469992 
90 49 0.266069 
91 49 0.0304964 
92 49 0.121017 
93 49 0.266805 
94 49 0.136138 
95 49 0.564677 
96 49 0.111656 
97 49 0.23222 
98 49 0.738987 
99 49 0.121223 
