0 40 0.345452 
1 40 0.065418 
2 40 0.799171 
3 40 0.242216 
4 40 0.378861 
5 40 0.529727 
6 40 0.689094 
7 40 0.74113 
8 40 0.139078 
9 40 0.0673661 
10 40 0.543894 
11 40 0.469258 
12 40 0.314744 
13 40 0.441241 
14 40 0.650523 
15 40 0.133374 
16 40 0.167078 
17 40 0.797372 
18 40 0.187451 
19 40 0.0232897 
20 40 0.32244 
21 40 0.260155 
22 40 0.503407 
23 40 0.374868 
24 40 0.434019 
25 40 0.783179 
26 40 0.191135 
27 40 0.600686 
28 40 0.0770571 
29 40 0.313794 
30 40 0.33718 
31 40 0.300374 
32 40 0.122814 
33 40 0.533884 
34 40 0.45749 
35 40 0.236713 
36 40 0.198375 
37 40 0.400076 
38 40 0.675233 
39 40 0.291842 
40 40 0.353023 
41 40 0.156995 
42 40 0.723843 
43 40 0.0245551 
44 40 0.544402 
45 40 0.213539 
46 40 0.434709 
47 40 0.0744664 
48 40 0.530437 
49 40 0.141917 
50 40 0.68113 
51 40 0.164613 
52 40 0.787398 
53 40 0.0194319 
54 40 0.270995 
55 40 0.247106 
56 40 0.318021 
57 40 0.355323 
58 40 0.136366 
59 40 0.589287 
60 40 0.554015 
61 40 0.107073 
62 40 0.0878536 
63 40 0.0804701 
64 40 0.0969736 
65 40 0.103711 
66 40 0.427109 
67 40 0.71998 
68 40 0.289237 
69 40 0.0928315 
70 40 0.706094 
71 40 0.0787131 
72 40 0.256206 
73 40 0.544447 
74 40 0.272442 
75 40 0.666475 
76 40 0.492009 
77 40 0.566324 
78 40 0.325936 
79 40 0.12695 
80 40 0.347067 
81 40 0.319929 
82 40 0.443314 
83 40 0.486436 
84 40 0.103947 
85 40 0.225992 
86 40 0.523965 
87 40 0.0926185 
88 40 0.109038 
89 40 0.515389 
90 40 0.375796 
91 40 0.748443 
92 40 0.493265 
93 40 0.60636 
94 40 0.495772 
95 40 0.265033 
96 40 0.637313 
97 40 0.382434 
98 40 0.177298 
99 40 0.536524 
