0 17 0.614553 
1 17 0.0568212 
2 17 0.296622 
3 17 0.449753 
4 17 0.327841 
5 17 0.497459 
6 17 0.0624361 
7 17 0.284488 
8 17 0.177716 
9 17 0.544039 
10 17 0.714727 
11 17 0.440398 
12 17 0.737273 
13 17 0.329965 
14 17 0.698599 
15 17 0.0449241 
16 17 0.376789 
17 17 0.139822 
18 17 0.212131 
19 17 0.236694 
20 17 0.504721 
21 17 0.517559 
22 17 0.085702 
23 17 0.18269 
24 17 0.184011 
25 17 0.707256 
26 17 0.706569 
27 17 0.32971 
28 17 0.703219 
29 17 0.734859 
30 17 0.717738 
31 17 0.511758 
32 17 0.64636 
33 17 0.449643 
34 17 0.787427 
35 17 0.0684091 
36 17 0.150478 
37 17 0.107057 
38 17 0.231063 
39 17 0.177401 
40 17 0.213669 
41 17 0.771534 
42 17 0.465122 
43 17 0.3834 
44 17 0.224013 
45 17 0.369498 
46 17 0.699341 
47 17 0.67662 
48 17 0.216934 
49 17 0.536843 
50 17 0.282442 
51 17 0.0682749 
52 17 0.602801 
53 17 0.138937 
54 17 0.245195 
55 17 0.254052 
56 17 0.24536 
57 17 0.584231 
58 17 0.217721 
59 17 0.55359 
60 17 0.314397 
61 17 0.598532 
62 17 0.163366 
63 17 0.789999 
64 17 0.111188 
65 17 0.458956 
66 17 0.416157 
67 17 0.568202 
68 17 0.55356 
69 17 0.42676 
70 17 0.667441 
71 17 0.101929 
72 17 0.617763 
73 17 0.664596 
74 17 0.499754 
75 17 0.751593 
76 17 0.236245 
77 17 0.563144 
78 17 0.49913 
79 17 0.620159 
80 17 0.682673 
81 17 0.0144842 
82 17 0.764187 
83 17 0.669418 
84 17 0.464682 
85 17 0.61722 
86 17 0.678647 
87 17 0.710692 
88 17 0.359241 
89 17 0.124466 
90 17 0.00881869 
91 17 0.0722268 
92 17 0.755601 
93 17 0.571316 
94 17 0.181531 
95 17 0.532256 
96 17 0.616146 
97 17 0.598911 
98 17 0.752521 
99 17 0.201225 
