0 4 0.012621 
1 4 0.0734457 
2 4 0.046524 
3 4 0.282891 
4 4 0.526977 
5 4 0.443539 
6 4 0.235045 
7 4 0.0278177 
8 4 0.489923 
9 4 0.682616 
10 4 0.583326 
11 4 0.250705 
12 4 0.597379 
13 4 0.770347 
14 4 0.704676 
15 4 0.0271126 
16 4 0.235601 
17 4 0.449224 
18 4 0.0451477 
19 4 0.0888101 
20 4 0.78817 
21 4 0.734564 
22 4 0.0992774 
23 4 0.31197 
24 4 0.18508 
25 4 0.633674 
26 4 0.122105 
27 4 0.42233 
28 4 0.657514 
29 4 0.511614 
30 4 0.686979 
31 4 0.150515 
32 4 0.349722 
33 4 0.0335304 
34 4 0.306432 
35 4 0.422937 
36 4 0.315216 
37 4 0.760429 
38 4 0.318944 
39 4 0.438354 
40 4 0.1256 
41 4 0.787357 
42 4 0.00802371 
43 4 0.453676 
44 4 0.37922 
45 4 0.374316 
46 4 0.680724 
47 4 0.688609 
48 4 0.150827 
49 4 0.666556 
50 4 0.31664 
51 4 0.383605 
52 4 0.360785 
53 4 0.268319 
54 4 0.621276 
55 4 0.293803 
56 4 0.214197 
57 4 0.76252 
58 4 0.0334304 
59 4 0.490951 
60 4 0.64654 
61 4 0.487609 
62 4 0.191432 
63 4 0.271558 
64 4 0.251975 
65 4 0.705197 
66 4 0.368564 
67 4 0.67221 
68 4 0.165121 
69 4 0.319517 
70 4 0.777022 
71 4 0.0671586 
72 4 0.0478889 
73 4 0.669422 
74 4 0.18519 
75 4 0.0229995 
76 4 0.413707 
77 4 0.375047 
78 4 0.646803 
79 4 0.178947 
80 4 0.690858 
81 4 0.590551 
82 4 0.693119 
83 4 0.693403 
84 4 0.0980436 
85 4 0.126723 
86 4 0.235487 
87 4 0.561903 
88 4 0.258161 
89 4 0.49798 
90 4 0.630711 
91 4 0.0650228 
92 4 0.516728 
93 4 0.405255 
94 4 0.0503904 
95 4 0.158438 
96 4 0.639226 
97 4 0.623858 
98 4 0.328441 
99 4 0.108813 
