0 93 0.14022 
1 93 0.626455 
2 93 0.782295 
3 93 0.160049 
4 93 0.0667906 
5 93 0.0449234 
6 93 0.124213 
7 93 0.0731707 
8 93 0.445145 
9 93 0.232654 
10 93 0.0870755 
11 93 0.353508 
12 93 0.792741 
13 93 0.631145 
14 93 0.692037 
15 93 0.709589 
16 93 0.117195 
17 93 0.148995 
18 93 0.188152 
19 93 0.118848 
20 93 0.671384 
21 93 0.585254 
22 93 0.162352 
23 93 0.0972498 
24 93 0.633541 
25 93 0.76495 
26 93 0.766298 
27 93 0.304429 
28 93 0.096543 
29 93 0.782411 
30 93 0.633555 
31 93 0.196286 
32 93 0.714686 
33 93 0.582385 
34 93 0.0221034 
35 93 0.770789 
36 93 0.431023 
37 93 0.0621874 
38 93 0.252059 
39 93 0.0641885 
40 93 0.681724 
41 93 0.0179803 
42 93 0.604249 
43 93 0.192364 
44 93 0.584763 
45 93 0.789029 
46 93 0.289877 
47 93 0.328621 
48 93 0.367676 
49 93 0.447608 
50 93 0.548399 
51 93 0.206656 
52 93 0.64572 
53 93 0.681132 
54 93 0.422789 
55 93 0.73347 
56 93 0.0595205 
57 93 0.599487 
58 93 0.444793 
59 93 0.344934 
60 93 0.0103832 
61 93 0.6083 
62 93 0.101002 
63 93 0.329284 
64 93 0.150745 
65 93 0.201604 
66 93 0.601952 
67 93 0.0237767 
68 93 0.188076 
69 93 0.107161 
70 93 0.155442 
71 93 0.0774066 
72 93 0.373378 
73 93 0.66732 
74 93 0.120308 
75 93 0.274783 
76 93 0.78833 
77 93 0.561761 
78 93 0.538116 
79 93 0.383255 
80 93 0.126549 
81 93 0.451901 
82 93 0.725462 
83 93 0.40532 
84 93 0.420395 
85 93 0.138955 
86 93 0.543808 
87 93 0.254261 
88 93 0.417307 
89 93 0.138021 
90 93 0.153655 
91 93 0.180726 
92 93 0.591343 
93 93 0.56071 
94 93 0.475624 
95 93 0.728095 
96 93 0.508232 
97 93 0.173847 
98 93 0.628652 
99 93 0.544391 
