0 82 0.78285 
1 82 0.55365 
2 82 0.51936 
3 82 0.288526 
4 82 0.168361 
5 82 0.121705 
6 82 0.521473 
7 82 0.249033 
8 82 0.288032 
9 82 0.215234 
10 82 0.332176 
11 82 0.649278 
12 82 0.373628 
13 82 0.719166 
14 82 0.657393 
15 82 0.338889 
16 82 0.697328 
17 82 0.701263 
18 82 0.1238 
19 82 0.463748 
20 82 0.740573 
21 82 0.47913 
22 82 0.789386 
23 82 0.457589 
24 82 0.30197 
25 82 0.28387 
26 82 0.568586 
27 82 0.225869 
28 82 0.0571189 
29 82 0.622521 
30 82 0.430106 
31 82 0.643234 
32 82 0.0695453 
33 82 0.757461 
34 82 0.65247 
35 82 0.707855 
36 82 0.397406 
37 82 0.155334 
38 82 0.716727 
39 82 0.675149 
40 82 0.785759 
41 82 0.338154 
42 82 0.39881 
43 82 0.642946 
44 82 0.754178 
45 82 0.551319 
46 82 0.734976 
47 82 0.399269 
48 82 0.185634 
49 82 0.778927 
50 82 0.577194 
51 82 0.110179 
52 82 0.549396 
53 82 0.570509 
54 82 0.515833 
55 82 0.0163988 
56 82 0.345086 
57 82 0.263877 
58 82 0.389679 
59 82 0.507097 
60 82 0.51955 
61 82 0.383755 
62 82 0.723256 
63 82 0.697708 
64 82 0.0381527 
65 82 0.249531 
66 82 0.335635 
67 82 0.658495 
68 82 0.0122537 
69 82 0.563382 
70 82 0.22672 
71 82 0.470131 
72 82 0.192951 
73 82 0.0987123 
74 82 0.649122 
75 82 0.733743 
76 82 0.0815627 
77 82 0.44748 
78 82 0.0487373 
79 82 0.123844 
80 82 0.611569 
81 82 0.629856 
82 82 0.0213787 
83 82 0.78497 
84 82 0.577066 
85 82 0.0831728 
86 82 0.161156 
87 82 0.126175 
88 82 0.301661 
89 82 0.488102 
90 82 0.420197 
91 82 0.710072 
92 82 0.449959 
93 82 0.415667 
94 82 0.41979 
95 82 0.190721 
96 82 0.350896 
97 82 0.711225 
98 82 0.052493 
99 82 0.745861 
