0 78 0.126274 
1 78 0.283502 
2 78 0.291458 
3 78 0.752416 
4 78 0.151803 
5 78 0.378851 
6 78 0.454337 
7 78 0.0024989 
8 78 0.0308418 
9 78 0.369818 
10 78 0.582053 
11 78 0.0818178 
12 78 0.045272 
13 78 0.0578226 
14 78 0.631381 
15 78 0.28617 
16 78 0.748058 
17 78 0.267603 
18 78 0.155965 
19 78 0.408031 
20 78 0.0372988 
21 78 0.629347 
22 78 0.0741976 
23 78 0.332708 
24 78 0.762056 
25 78 0.45506 
26 78 0.779823 
27 78 0.357621 
28 78 0.330403 
29 78 0.318232 
30 78 0.571587 
31 78 0.270411 
32 78 0.615068 
33 78 0.0373959 
34 78 0.246225 
35 78 0.556031 
36 78 0.0362133 
37 78 0.0781628 
38 78 0.690291 
39 78 0.113929 
40 78 0.282053 
41 78 0.67547 
42 78 0.778612 
43 78 0.512267 
44 78 0.398091 
45 78 0.389572 
46 78 0.300163 
47 78 0.0894892 
48 78 0.392814 
49 78 0.279577 
50 78 0.14034 
51 78 0.181341 
52 78 0.769294 
53 78 0.448775 
54 78 0.176233 
55 78 0.595896 
56 78 0.610725 
57 78 0.360575 
58 78 0.0952326 
59 78 0.451483 
60 78 0.37034 
61 78 0.137833 
62 78 0.726093 
63 78 0.196504 
64 78 0.232798 
65 78 0.392337 
66 78 0.685809 
67 78 0.189989 
68 78 0.22971 
69 78 0.673562 
70 78 0.565582 
71 78 0.290516 
72 78 0.536998 
73 78 0.435353 
74 78 0.200182 
75 78 0.571523 
76 78 0.380696 
77 78 0.684491 
78 78 0.538023 
79 78 0.240696 
80 78 0.158117 
81 78 0.571312 
82 78 0.221041 
83 78 0.148943 
84 78 0.259615 
85 78 0.415072 
86 78 0.359984 
87 78 0.57911 
88 78 0.622571 
89 78 0.518102 
90 78 0.392141 
91 78 0.570536 
92 78 0.491015 
93 78 0.517814 
94 78 0.179964 
95 78 0.417598 
96 78 0.356155 
97 78 0.454044 
98 78 0.139607 
99 78 0.685214 
