0 96 0.462026 
1 96 0.274819 
2 96 0.0514124 
3 96 0.191799 
4 96 0.214856 
5 96 0.522817 
6 96 0.32233 
7 96 0.237771 
8 96 0.350943 
9 96 0.494519 
10 96 0.42966 
11 96 0.798973 
12 96 0.57021 
13 96 0.379927 
14 96 0.341033 
15 96 0.138144 
16 96 0.0361387 
17 96 0.0985746 
18 96 0.415375 
19 96 0.727428 
20 96 0.127361 
21 96 0.680411 
22 96 0.466393 
23 96 0.462031 
24 96 0.0984477 
25 96 0.663256 
26 96 0.589575 
27 96 0.639815 
28 96 0.800002 
29 96 0.712481 
30 96 0.668612 
31 96 0.456032 
32 96 0.163367 
33 96 0.142051 
34 96 0.759429 
35 96 0.484393 
36 96 0.546187 
37 96 0.13304 
38 96 0.328821 
39 96 0.294301 
40 96 0.421751 
41 96 0.43733 
42 96 0.132855 
43 96 0.326664 
44 96 0.634827 
45 96 0.270495 
46 96 0.273566 
47 96 0.340286 
48 96 0.610053 
49 96 0.270649 
50 96 0.691664 
51 96 0.728 
52 96 0.710008 
53 96 0.590321 
54 96 0.600535 
55 96 0.76523 
56 96 0.301965 
57 96 0.0245431 
58 96 0.555858 
59 96 0.747438 
60 96 0.152635 
61 96 0.237657 
62 96 0.0960608 
63 96 0.474929 
64 96 0.774219 
65 96 0.315516 
66 96 0.508705 
67 96 0.0203406 
68 96 0.615615 
69 96 0.237264 
70 96 0.153039 
71 96 0.342588 
72 96 0.455202 
73 96 0.222167 
74 96 0.716351 
75 96 0.566462 
76 96 0.51441 
77 96 0.525042 
78 96 0.0964885 
79 96 0.333618 
80 96 0.383539 
81 96 0.547803 
82 96 0.0894017 
83 96 0.362159 
84 96 0.463342 
85 96 0.175325 
86 96 0.365974 
87 96 0.279987 
88 96 0.596849 
89 96 0.421158 
90 96 0.08141 
91 96 0.568988 
92 96 0.538427 
93 96 0.466501 
94 96 0.11517 
95 96 0.0648935 
96 96 0.238432 
97 96 0.214767 
98 96 0.41547 
99 96 0.555384 
