0 47 0.227779 
1 47 0.264183 
2 47 0.207746 
3 47 0.332221 
4 47 0.246077 
5 47 0.499827 
6 47 0.387484 
7 47 0.786937 
8 47 0.643047 
9 47 0.54619 
10 47 0.639077 
11 47 0.751691 
12 47 0.00895192 
13 47 0.519966 
14 47 0.797504 
15 47 0.0238266 
16 47 0.164322 
17 47 0.328517 
18 47 0.46269 
19 47 0.649176 
20 47 0.362946 
21 47 0.541338 
22 47 0.635582 
23 47 0.291193 
24 47 0.563809 
25 47 0.563915 
26 47 0.040071 
27 47 0.795592 
28 47 0.691936 
29 47 0.724964 
30 47 0.546721 
31 47 0.567281 
32 47 0.775128 
33 47 0.203564 
34 47 0.534106 
35 47 0.426446 
36 47 0.543278 
37 47 0.378024 
38 47 0.0271647 
39 47 0.794192 
40 47 0.255655 
41 47 0.641331 
42 47 0.789151 
43 47 0.317998 
44 47 0.685012 
45 47 0.569488 
46 47 0.252201 
47 47 0.194873 
48 47 0.783594 
49 47 0.00305207 
50 47 0.646686 
51 47 0.044559 
52 47 0.389924 
53 47 0.514706 
54 47 0.660788 
55 47 0.642797 
56 47 0.234336 
57 47 0.573989 
58 47 0.0147543 
59 47 0.019235 
60 47 0.402026 
61 47 0.082271 
62 47 0.339256 
63 47 0.730852 
64 47 0.421679 
65 47 0.489103 
66 47 0.617976 
67 47 0.0185959 
68 47 0.0178374 
69 47 0.761092 
70 47 0.666633 
71 47 0.0476372 
72 47 0.217626 
73 47 0.480494 
74 47 0.566746 
75 47 0.568708 
76 47 0.696071 
77 47 0.0602729 
78 47 0.57509 
79 47 0.200392 
80 47 0.395628 
81 47 0.509098 
82 47 0.533206 
83 47 0.674699 
84 47 0.659124 
85 47 0.139729 
86 47 0.225303 
87 47 0.665208 
88 47 0.223323 
89 47 0.425553 
90 47 0.147072 
91 47 0.453044 
92 47 0.127719 
93 47 0.686478 
94 47 0.14764 
95 47 0.476427 
96 47 0.339224 
97 47 0.26194 
98 47 0.407637 
99 47 0.543542 
