0 8 0.369642 
1 8 0.314258 
2 8 0.162904 
3 8 0.653129 
4 8 0.104286 
5 8 0.360251 
6 8 0.268104 
7 8 0.267224 
8 8 0.385316 
9 8 0.766355 
10 8 0.322259 
11 8 0.313229 
12 8 0.0508522 
13 8 0.505683 
14 8 0.775947 
15 8 0.66766 
16 8 0.444349 
17 8 0.0619968 
18 8 0.259338 
19 8 0.394088 
20 8 0.626163 
21 8 0.776428 
22 8 0.0640634 
23 8 0.121788 
24 8 0.152743 
25 8 0.28998 
26 8 0.278862 
27 8 0.24753 
28 8 0.508398 
29 8 0.793882 
30 8 0.0541218 
31 8 0.508457 
32 8 0.684433 
33 8 0.0399993 
34 8 0.251985 
35 8 0.780861 
36 8 0.795604 
37 8 0.651759 
38 8 0.208637 
39 8 0.318895 
40 8 0.0356322 
41 8 0.554552 
42 8 0.472077 
43 8 0.556508 
44 8 0.172425 
45 8 0.0137581 
46 8 0.269119 
47 8 0.383652 
48 8 0.488761 
49 8 0.269529 
50 8 0.0567914 
51 8 0.23364 
52 8 0.679958 
53 8 0.725848 
54 8 0.594587 
55 8 0.642828 
56 8 0.162162 
57 8 0.669834 
58 8 0.608105 
59 8 0.171909 
60 8 0.278196 
61 8 0.575101 
62 8 0.61732 
63 8 0.584374 
64 8 0.483864 
65 8 0.430506 
66 8 0.69394 
67 8 0.776102 
68 8 0.494977 
69 8 0.549923 
70 8 0.195079 
71 8 0.540278 
72 8 0.613266 
73 8 0.352078 
74 8 0.0807135 
75 8 0.62169 
76 8 0.0333906 
77 8 0.18551 
78 8 0.186144 
79 8 0.308126 
80 8 0.401155 
81 8 0.787747 
82 8 0.715929 
83 8 0.439863 
84 8 0.651865 
85 8 0.299908 
86 8 0.615554 
87 8 0.160222 
88 8 0.647546 
89 8 0.680005 
90 8 0.306954 
91 8 0.767075 
92 8 0.306864 
93 8 0.165301 
94 8 0.353134 
95 8 0.331122 
96 8 0.585027 
97 8 0.125342 
98 8 0.645328 
99 8 0.542893 
