0 56 0.138626 
1 56 0.531109 
2 56 0.380814 
3 56 0.263102 
4 56 0.758552 
5 56 0.23423 
6 56 0.684148 
7 56 0.103722 
8 56 0.100429 
9 56 0.350031 
10 56 0.569949 
11 56 0.0617229 
12 56 0.212794 
13 56 0.612175 
14 56 0.714514 
15 56 0.374469 
16 56 0.0958002 
17 56 0.728818 
18 56 0.316556 
19 56 0.00541593 
20 56 0.17657 
21 56 0.0198759 
22 56 0.0794946 
23 56 0.373329 
24 56 0.0329991 
25 56 0.451753 
26 56 0.079842 
27 56 0.173295 
28 56 0.109412 
29 56 0.22914 
30 56 0.516548 
31 56 0.0277467 
32 56 0.553652 
33 56 0.173692 
34 56 0.601891 
35 56 0.651634 
36 56 0.635005 
37 56 0.577935 
38 56 0.472482 
39 56 0.703346 
40 56 0.148586 
41 56 0.655413 
42 56 0.240756 
43 56 0.520708 
44 56 0.0953424 
45 56 0.694077 
46 56 0.487001 
47 56 0.711087 
48 56 0.535177 
49 56 0.120313 
50 56 0.192958 
51 56 0.109057 
52 56 0.711117 
53 56 0.24583 
54 56 0.628412 
55 56 0.78623 
56 56 0.64427 
57 56 0.571997 
58 56 0.409162 
59 56 0.311536 
60 56 0.373603 
61 56 0.339682 
62 56 0.066638 
63 56 0.299238 
64 56 0.441345 
65 56 0.794251 
66 56 0.681481 
67 56 0.281449 
68 56 0.591911 
69 56 0.299817 
70 56 0.652919 
71 56 0.183984 
72 56 0.254877 
73 56 0.54123 
74 56 0.63269 
75 56 0.171584 
76 56 0.383774 
77 56 0.499944 
78 56 0.318659 
79 56 0.53549 
80 56 0.73071 
81 56 0.460657 
82 56 0.267807 
83 56 0.278368 
84 56 0.581125 
85 56 0.461446 
86 56 0.127345 
87 56 0.105544 
88 56 0.407017 
89 56 0.796461 
90 56 0.742669 
91 56 0.610858 
92 56 0.173301 
93 56 0.648989 
94 56 0.372992 
95 56 0.692769 
96 56 0.218549 
97 56 0.402206 
98 56 0.0981429 
99 56 0.0733966 
