0 23 0.239294 
1 23 0.328087 
2 23 0.182916 
3 23 0.662711 
4 23 0.0250035 
5 23 0.361056 
6 23 0.0522545 
7 23 0.196898 
8 23 0.493317 
9 23 0.195343 
10 23 0.418724 
11 23 0.475645 
12 23 0.260119 
13 23 0.120916 
14 23 0.0268712 
15 23 0.51116 
16 23 0.749862 
17 23 0.667842 
18 23 0.300143 
19 23 0.696101 
20 23 0.788763 
21 23 0.121468 
22 23 0.0870124 
23 23 0.177276 
24 23 0.48777 
25 23 0.218005 
26 23 0.208184 
27 23 0.684159 
28 23 0.418595 
29 23 0.1164 
30 23 0.34195 
31 23 0.00245191 
32 23 0.107681 
33 23 0.520846 
34 23 0.40337 
35 23 0.352438 
36 23 0.505657 
37 23 0.162918 
38 23 0.446228 
39 23 0.692794 
40 23 0.242813 
41 23 0.340782 
42 23 0.438794 
43 23 0.687899 
44 23 0.10778 
45 23 0.300991 
46 23 0.627536 
47 23 0.360371 
48 23 0.287756 
49 23 0.779999 
50 23 0.420206 
51 23 0.562457 
52 23 0.549137 
53 23 0.397095 
54 23 0.521208 
55 23 0.326407 
56 23 0.114269 
57 23 0.428505 
58 23 0.721835 
59 23 0.673042 
60 23 0.521381 
61 23 0.0980408 
62 23 0.0771122 
63 23 0.73976 
64 23 0.247426 
65 23 0.107989 
66 23 0.261694 
67 23 0.201478 
68 23 0.325707 
69 23 0.668436 
70 23 0.284405 
71 23 0.601733 
72 23 0.00992991 
73 23 0.726182 
74 23 0.233 
75 23 0.134804 
76 23 0.449889 
77 23 0.590139 
78 23 0.60388 
79 23 0.342784 
80 23 0.772651 
81 23 0.30062 
82 23 0.617783 
83 23 0.566235 
84 23 0.514302 
85 23 0.642085 
86 23 0.124833 
87 23 0.162353 
88 23 0.435199 
89 23 0.370997 
90 23 0.244642 
91 23 0.59671 
92 23 0.60286 
93 23 0.697611 
94 23 0.243128 
95 23 0.115239 
96 23 0.787482 
97 23 0.436159 
98 23 0.0182497 
99 23 0.57616 
