0 21 0.0653821 
1 21 0.198683 
2 21 0.45808 
3 21 0.4912 
4 21 0.528016 
5 21 0.450827 
6 21 0.731033 
7 21 0.573911 
8 21 0.248496 
9 21 0.656881 
10 21 0.0583282 
11 21 0.171578 
12 21 0.295703 
13 21 0.325143 
14 21 0.304626 
15 21 0.631045 
16 21 0.518592 
17 21 0.478973 
18 21 0.0942858 
19 21 0.320144 
20 21 0.704786 
21 21 0.398659 
22 21 0.377653 
23 21 0.12355 
24 21 0.184281 
25 21 0.543358 
26 21 0.657635 
27 21 0.251981 
28 21 0.457123 
29 21 0.277936 
30 21 0.331202 
31 21 0.726805 
32 21 0.283368 
33 21 0.00310343 
34 21 0.377191 
35 21 0.128234 
36 21 0.537426 
37 21 0.296716 
38 21 0.427011 
39 21 0.539121 
40 21 0.336355 
41 21 0.27442 
42 21 0.396912 
43 21 0.42608 
44 21 0.307355 
45 21 0.620535 
46 21 0.280684 
47 21 0.549076 
48 21 0.794654 
49 21 0.763046 
50 21 0.620917 
51 21 0.589771 
52 21 0.784523 
53 21 0.0328677 
54 21 0.52101 
55 21 0.0107339 
56 21 0.325937 
57 21 0.606777 
58 21 0.467394 
59 21 0.251011 
60 21 0.442434 
61 21 0.651968 
62 21 0.175076 
63 21 0.630795 
64 21 0.622298 
65 21 0.697498 
66 21 0.430042 
67 21 0.2216 
68 21 0.351587 
69 21 0.341417 
70 21 0.227295 
71 21 0.481412 
72 21 0.461312 
73 21 0.657044 
74 21 0.466631 
75 21 0.703312 
76 21 0.391187 
77 21 0.606681 
78 21 0.679255 
79 21 0.675027 
80 21 0.511155 
81 21 0.0977932 
82 21 0.123639 
83 21 0.423201 
84 21 0.738412 
85 21 0.349279 
86 21 0.353137 
87 21 0.685235 
88 21 0.0728628 
89 21 0.195563 
90 21 0.037553 
91 21 0.00250652 
92 21 0.525744 
93 21 0.418594 
94 21 0.662618 
95 21 0.266861 
96 21 0.325721 
97 21 0.757815 
98 21 0.40578 
99 21 0.231699 
