0 29 0.425424 
1 29 0.427587 
2 29 0.43866 
3 29 0.692792 
4 29 0.239353 
5 29 0.782027 
6 29 0.694712 
7 29 0.564984 
8 29 0.791775 
9 29 0.282 
10 29 0.75947 
11 29 0.156505 
12 29 0.324474 
13 29 0.345709 
14 29 0.666349 
15 29 0.738011 
16 29 0.423466 
17 29 0.635985 
18 29 0.29137 
19 29 0.0891802 
20 29 0.355407 
21 29 0.789028 
22 29 0.576745 
23 29 0.559791 
24 29 0.615437 
25 29 0.403206 
26 29 0.521601 
27 29 0.208383 
28 29 0.742546 
29 29 0.499161 
30 29 0.315368 
31 29 0.24368 
32 29 0.746556 
33 29 0.0126431 
34 29 0.475687 
35 29 0.781563 
36 29 0.255471 
37 29 0.614025 
38 29 0.278023 
39 29 0.283645 
40 29 0.507457 
41 29 0.640929 
42 29 0.275288 
43 29 0.493345 
44 29 0.466031 
45 29 0.446859 
46 29 0.413861 
47 29 0.400565 
48 29 0.549048 
49 29 0.262869 
50 29 0.437783 
51 29 0.231527 
52 29 0.366444 
53 29 0.362283 
54 29 0.707599 
55 29 0.0569546 
56 29 0.283351 
57 29 0.292529 
58 29 0.740238 
59 29 0.511214 
60 29 0.00762431 
61 29 0.717524 
62 29 0.245676 
63 29 0.0196937 
64 29 0.735197 
65 29 0.621849 
66 29 0.792725 
67 29 0.731482 
68 29 0.756081 
69 29 0.393578 
70 29 0.0155805 
71 29 0.497349 
72 29 0.712451 
73 29 0.373567 
74 29 0.672774 
75 29 0.0660497 
76 29 0.462595 
77 29 0.0310694 
78 29 0.791951 
79 29 0.665454 
80 29 0.24321 
81 29 0.319188 
82 29 0.121536 
83 29 0.117478 
84 29 0.318559 
85 29 0.564826 
86 29 0.69248 
87 29 0.741414 
88 29 0.165678 
89 29 0.37172 
90 29 0.226327 
91 29 0.175595 
92 29 0.0980906 
93 29 0.602383 
94 29 0.0309304 
95 29 0.259854 
96 29 0.763292 
97 29 0.242693 
98 29 0.708166 
99 29 0.497428 
