0 25 0.321221 
1 25 0.677086 
2 25 0.39167 
3 25 0.59356 
4 25 0.653867 
5 25 0.5135 
6 25 0.433985 
7 25 0.669489 
8 25 0.698071 
9 25 0.537542 
10 25 0.496516 
11 25 0.493363 
12 25 0.494107 
13 25 0.725826 
14 25 0.730933 
15 25 0.321523 
16 25 0.106394 
17 25 0.630321 
18 25 0.785789 
19 25 0.0390165 
20 25 0.506475 
21 25 0.456942 
22 25 0.110068 
23 25 0.168696 
24 25 0.056275 
25 25 0.0983832 
26 25 0.467222 
27 25 0.0702941 
28 25 0.030418 
29 25 0.417998 
30 25 0.0535692 
31 25 0.43175 
32 25 0.149324 
33 25 0.494259 
34 25 0.287626 
35 25 0.21327 
36 25 0.600077 
37 25 0.680681 
38 25 0.709045 
39 25 0.532003 
40 25 0.777052 
41 25 0.63822 
42 25 0.764214 
43 25 0.438236 
44 25 0.760978 
45 25 0.586227 
46 25 0.456978 
47 25 0.0641508 
48 25 0.627919 
49 25 0.609086 
50 25 0.707341 
51 25 0.610679 
52 25 0.355189 
53 25 0.746431 
54 25 0.360513 
55 25 0.657124 
56 25 0.430052 
57 25 0.162575 
58 25 0.267482 
59 25 0.223779 
60 25 0.723713 
61 25 0.520769 
62 25 0.626806 
63 25 0.772007 
64 25 0.145188 
65 25 0.662689 
66 25 0.525095 
67 25 0.177272 
68 25 0.707816 
69 25 0.347973 
70 25 0.403478 
71 25 0.29072 
72 25 0.575878 
73 25 0.737758 
74 25 0.394673 
75 25 0.0241436 
76 25 0.529923 
77 25 0.286403 
78 25 0.667705 
79 25 0.0496746 
80 25 0.595426 
81 25 0.0779446 
82 25 0.222105 
83 25 0.127711 
84 25 0.770958 
85 25 0.795199 
86 25 0.00777309 
87 25 0.274414 
88 25 0.600037 
89 25 0.48067 
90 25 0.197745 
91 25 0.761507 
92 25 0.420572 
93 25 0.46337 
94 25 0.0682015 
95 25 0.772847 
96 25 0.468694 
97 25 0.719644 
98 25 0.522268 
99 25 0.420632 
