0 19 0.352762 
1 19 0.566276 
2 19 0.195156 
3 19 0.475172 
4 19 0.594029 
5 19 0.626638 
6 19 0.142856 
7 19 0.486726 
8 19 0.794285 
9 19 0.0633959 
10 19 0.129932 
11 19 0.0544203 
12 19 0.683338 
13 19 0.0168379 
14 19 0.439922 
15 19 0.346994 
16 19 0.096033 
17 19 0.508666 
18 19 0.363675 
19 19 0.289663 
20 19 0.160398 
21 19 0.492651 
22 19 0.08043 
23 19 0.335662 
24 19 0.788466 
25 19 0.353801 
26 19 0.748798 
27 19 0.279617 
28 19 0.145604 
29 19 0.251064 
30 19 0.0113696 
31 19 0.445749 
32 19 0.700347 
33 19 0.230707 
34 19 0.199609 
35 19 0.0536592 
36 19 0.6809 
37 19 0.531883 
38 19 0.256441 
39 19 0.390802 
40 19 0.260427 
41 19 0.77786 
42 19 0.224053 
43 19 0.694254 
44 19 0.0355521 
45 19 0.473858 
46 19 0.777803 
47 19 0.595219 
48 19 0.592631 
49 19 0.695863 
50 19 0.743528 
51 19 0.154073 
52 19 0.30654 
53 19 0.139936 
54 19 0.300635 
55 19 0.220816 
56 19 0.466557 
57 19 0.590679 
58 19 0.38864 
59 19 0.669323 
60 19 0.640788 
61 19 0.362755 
62 19 0.0971006 
63 19 0.681377 
64 19 0.337644 
65 19 0.453539 
66 19 0.594832 
67 19 0.669004 
68 19 0.354969 
69 19 0.618367 
70 19 0.380615 
71 19 0.37727 
72 19 0.557235 
73 19 0.0461662 
74 19 0.190559 
75 19 0.0856295 
76 19 0.285567 
77 19 0.607189 
78 19 0.596492 
79 19 0.0532979 
80 19 0.519778 
81 19 0.358445 
82 19 0.254058 
83 19 0.568204 
84 19 0.10361 
85 19 0.502145 
86 19 0.28013 
87 19 0.316521 
88 19 0.49603 
89 19 0.334244 
90 19 0.11351 
91 19 0.43551 
92 19 0.0340519 
93 19 0.641225 
94 19 0.407295 
95 19 0.789799 
96 19 0.430952 
97 19 0.246993 
98 19 0.264704 
99 19 0.135419 
