0 48 0.129578 
1 48 0.0990069 
2 48 0.228492 
3 48 0.539674 
4 48 0.651242 
5 48 0.134195 
6 48 0.125757 
7 48 0.732344 
8 48 0.747914 
9 48 0.381037 
10 48 0.424903 
11 48 0.195893 
12 48 0.26424 
13 48 0.703188 
14 48 0.720058 
15 48 0.70016 
16 48 0.486793 
17 48 0.397824 
18 48 0.499918 
19 48 0.625512 
20 48 0.430851 
21 48 0.773755 
22 48 0.746224 
23 48 0.0609828 
24 48 0.579374 
25 48 0.391268 
26 48 0.189519 
27 48 0.312169 
28 48 0.489535 
29 48 0.516062 
30 48 0.480082 
31 48 0.721051 
32 48 0.679571 
33 48 0.523392 
34 48 0.448149 
35 48 0.499381 
36 48 0.640047 
37 48 0.526922 
38 48 0.243079 
39 48 0.485003 
40 48 0.765613 
41 48 0.277559 
42 48 0.256257 
43 48 0.181685 
44 48 0.291568 
45 48 0.487773 
46 48 0.486675 
47 48 0.334794 
48 48 0.791369 
49 48 0.467006 
50 48 0.183181 
51 48 0.298957 
52 48 0.266987 
53 48 0.077682 
54 48 0.0418496 
55 48 0.119483 
56 48 0.109062 
57 48 0.707588 
58 48 0.110862 
59 48 0.433051 
60 48 0.289295 
61 48 0.342409 
62 48 0.387505 
63 48 0.373869 
64 48 0.121302 
65 48 0.662613 
66 48 0.715744 
67 48 0.378778 
68 48 0.546338 
69 48 0.360933 
70 48 0.504605 
71 48 0.402043 
72 48 0.486914 
73 48 0.545313 
74 48 0.306434 
75 48 0.19915 
76 48 0.759434 
77 48 0.413013 
78 48 0.800042 
79 48 0.706076 
80 48 0.144731 
81 48 0.201622 
82 48 0.546189 
83 48 0.325287 
84 48 0.49329 
85 48 0.171653 
86 48 0.18942 
87 48 0.595455 
88 48 0.747388 
89 48 0.0227144 
90 48 0.255397 
91 48 0.735785 
92 48 0.0978794 
93 48 0.367423 
94 48 0.776626 
95 48 0.743258 
96 48 0.632975 
97 48 0.502369 
98 48 0.680205 
99 48 0.438401 
