0 51 0.626043 
1 51 0.0926804 
2 51 0.128912 
3 51 0.427247 
4 51 0.744912 
5 51 0.344828 
6 51 0.295631 
7 51 0.512789 
8 51 0.12583 
9 51 0.364415 
10 51 0.057508 
11 51 0.310147 
12 51 0.781185 
13 51 0.524234 
14 51 0.110526 
15 51 0.706222 
16 51 0.04054 
17 51 0.0777534 
18 51 0.519761 
19 51 0.172376 
20 51 0.434917 
21 51 0.243627 
22 51 0.624058 
23 51 0.168961 
24 51 0.240239 
25 51 0.162101 
26 51 0.365007 
27 51 0.39029 
28 51 0.0415439 
29 51 0.196162 
30 51 0.735707 
31 51 0.327062 
32 51 0.566815 
33 51 0.352599 
34 51 0.0910494 
35 51 0.390358 
36 51 0.381445 
37 51 0.585321 
38 51 0.120734 
39 51 0.430814 
40 51 0.571557 
41 51 0.699998 
42 51 0.357586 
43 51 0.593386 
44 51 0.0911671 
45 51 0.275211 
46 51 0.0659728 
47 51 0.145302 
48 51 0.0826298 
49 51 0.37033 
50 51 0.0338404 
51 51 0.40565 
52 51 0.315895 
53 51 0.419939 
54 51 0.25815 
55 51 0.491293 
56 51 0.243204 
57 51 0.575277 
58 51 0.0726638 
59 51 0.424884 
60 51 0.796797 
61 51 0.180097 
62 51 0.415303 
63 51 0.320637 
64 51 0.107123 
65 51 0.142171 
66 51 0.347459 
67 51 0.53825 
68 51 0.481201 
69 51 0.758446 
70 51 0.075244 
71 51 0.612722 
72 51 0.668396 
73 51 0.00389647 
74 51 0.733557 
75 51 0.0947386 
76 51 0.233167 
77 51 0.756178 
78 51 0.23166 
79 51 0.267252 
80 51 0.277914 
81 51 0.254217 
82 51 0.14205 
83 51 0.442948 
84 51 0.743716 
85 51 0.314053 
86 51 0.362183 
87 51 0.336638 
88 51 0.387233 
89 51 0.29543 
90 51 0.144923 
91 51 0.32142 
92 51 0.530778 
93 51 0.353939 
94 51 0.776518 
95 51 0.33976 
96 51 0.196565 
97 51 0.0654954 
98 51 0.36577 
99 51 0.249752 
