0 37 0.117298 
1 37 0.109677 
2 37 0.581632 
3 37 0.595402 
4 37 0.567624 
5 37 0.645708 
6 37 0.0548306 
7 37 0.29894 
8 37 0.726055 
9 37 0.721088 
10 37 0.678878 
11 37 0.171554 
12 37 0.00848028 
13 37 0.00321877 
14 37 0.379332 
15 37 0.547199 
16 37 0.380351 
17 37 0.55626 
18 37 0.118287 
19 37 0.552866 
20 37 0.374405 
21 37 0.0354717 
22 37 0.623308 
23 37 0.282664 
24 37 0.484831 
25 37 0.0398939 
26 37 0.0627914 
27 37 0.197082 
28 37 0.425746 
29 37 0.079801 
30 37 0.713381 
31 37 0.40498 
32 37 0.194777 
33 37 0.271636 
34 37 0.120539 
35 37 0.734442 
36 37 0.04093 
37 37 0.678379 
38 37 0.742869 
39 37 0.041422 
40 37 0.521797 
41 37 0.226557 
42 37 0.60973 
43 37 0.777808 
44 37 0.791356 
45 37 0.483979 
46 37 0.455834 
47 37 0.00259387 
48 37 0.73129 
49 37 0.644979 
50 37 0.311181 
51 37 0.00899783 
52 37 0.73902 
53 37 0.568488 
54 37 0.222587 
55 37 0.289856 
56 37 0.529419 
57 37 0.725124 
58 37 0.428677 
59 37 0.337274 
60 37 0.524973 
61 37 0.6287 
62 37 0.707987 
63 37 0.150971 
64 37 0.493851 
65 37 0.329383 
66 37 0.759447 
67 37 0.677083 
68 37 0.262265 
69 37 0.438528 
70 37 0.760876 
71 37 0.135039 
72 37 0.452229 
73 37 0.781 
74 37 0.360886 
75 37 0.540602 
76 37 0.144404 
77 37 0.591873 
78 37 0.0227131 
79 37 0.24576 
80 37 0.121341 
81 37 0.560975 
82 37 0.634974 
83 37 0.756636 
84 37 0.245653 
85 37 0.333196 
86 37 0.658944 
87 37 0.485369 
88 37 0.579668 
89 37 0.471113 
90 37 0.771436 
91 37 0.512774 
92 37 0.0586936 
93 37 0.757886 
94 37 0.483559 
95 37 0.171679 
96 37 0.420208 
97 37 0.557456 
98 37 0.523635 
99 37 0.693629 
