0 83 0.0960408 
1 83 0.312424 
2 83 0.264727 
3 83 0.44303 
4 83 0.0423466 
5 83 0.583887 
6 83 0.266309 
7 83 0.543836 
8 83 0.362127 
9 83 0.586062 
10 83 0.671312 
11 83 0.471926 
12 83 0.389527 
13 83 0.78022 
14 83 0.383302 
15 83 0.187553 
16 83 0.00757359 
17 83 0.394811 
18 83 0.0297674 
19 83 0.67842 
20 83 0.151152 
21 83 0.589054 
22 83 0.0556646 
23 83 0.163021 
24 83 0.545541 
25 83 0.345945 
26 83 0.2693 
27 83 0.0255355 
28 83 0.0878084 
29 83 0.229829 
30 83 0.268899 
31 83 0.73753 
32 83 0.66655 
33 83 0.586822 
34 83 0.6032 
35 83 0.590778 
36 83 0.135658 
37 83 0.620705 
38 83 0.375657 
39 83 0.112009 
40 83 0.515867 
41 83 0.671506 
42 83 0.0293378 
43 83 0.514509 
44 83 0.206541 
45 83 0.0237256 
46 83 0.351592 
47 83 0.257896 
48 83 0.571764 
49 83 0.161542 
50 83 0.437187 
51 83 0.0774337 
52 83 0.741447 
53 83 0.634266 
54 83 0.438251 
55 83 0.37076 
56 83 0.570765 
57 83 0.537673 
58 83 0.363435 
59 83 0.632784 
60 83 0.315092 
61 83 0.448979 
62 83 0.329255 
63 83 0.534455 
64 83 0.408882 
65 83 0.403813 
66 83 0.294095 
67 83 0.362564 
68 83 0.0135815 
69 83 0.16595 
70 83 0.662396 
71 83 0.617276 
72 83 0.574059 
73 83 0.363418 
74 83 0.0572139 
75 83 0.194999 
76 83 0.588681 
77 83 0.290612 
78 83 0.169331 
79 83 0.168925 
80 83 0.590612 
81 83 0.0388355 
82 83 0.62318 
83 83 0.423183 
84 83 0.434918 
85 83 0.0205338 
86 83 0.534967 
87 83 0.67704 
88 83 0.656498 
89 83 0.671614 
90 83 0.796176 
91 83 0.787236 
92 83 0.169842 
93 83 0.317427 
94 83 0.144127 
95 83 0.604481 
96 83 0.561737 
97 83 0.472229 
98 83 0.14178 
99 83 0.378019 
