0 10 0.723625 
1 10 0.782997 
2 10 0.0914818 
3 10 0.0588187 
4 10 0.665593 
5 10 0.727247 
6 10 0.0422678 
7 10 0.194331 
8 10 0.360161 
9 10 0.205183 
10 10 0.382003 
11 10 0.702108 
12 10 0.0364093 
13 10 0.0357757 
14 10 0.153643 
15 10 0.227289 
16 10 0.245495 
17 10 0.688953 
18 10 0.0477289 
19 10 0.489353 
20 10 0.169889 
21 10 0.797277 
22 10 0.172069 
23 10 0.295764 
24 10 0.520109 
25 10 0.513184 
26 10 0.00375338 
27 10 0.46761 
28 10 0.0034999 
29 10 0.167164 
30 10 0.790767 
31 10 0.0468412 
32 10 0.499042 
33 10 0.0502492 
34 10 0.407946 
35 10 0.288734 
36 10 0.475669 
37 10 0.56261 
38 10 0.0696147 
39 10 0.643625 
40 10 0.745604 
41 10 0.513124 
42 10 0.766392 
43 10 0.215788 
44 10 0.359412 
45 10 0.709242 
46 10 0.238692 
47 10 0.56202 
48 10 0.36124 
49 10 0.785181 
50 10 0.452759 
51 10 0.377427 
52 10 0.319207 
53 10 0.394813 
54 10 0.619466 
55 10 0.336736 
56 10 0.0168085 
57 10 0.266484 
58 10 0.729103 
59 10 0.598379 
60 10 0.511217 
61 10 0.350969 
62 10 0.459597 
63 10 0.322528 
64 10 0.34239 
65 10 0.607321 
66 10 0.308513 
67 10 0.44993 
68 10 0.746173 
69 10 0.652216 
70 10 0.508601 
71 10 0.0937916 
72 10 0.685054 
73 10 0.764157 
74 10 0.692325 
75 10 0.429284 
76 10 0.387339 
77 10 0.222283 
78 10 0.374132 
79 10 0.366019 
80 10 0.224299 
81 10 0.0103723 
82 10 0.592127 
83 10 0.392458 
84 10 0.599527 
85 10 0.751628 
86 10 0.183419 
87 10 0.602876 
88 10 0.610472 
89 10 0.400009 
90 10 0.0537218 
91 10 0.0702764 
92 10 0.662284 
93 10 0.173072 
94 10 0.510165 
95 10 0.214706 
96 10 0.322977 
97 10 0.593949 
98 10 0.158898 
99 10 0.111387 
