0 90 0.378583 
1 90 0.155233 
2 90 0.780819 
3 90 0.0582805 
4 90 0.0224265 
5 90 0.613869 
6 90 0.304831 
7 90 0.748779 
8 90 0.140235 
9 90 0.52708 
10 90 0.145343 
11 90 0.00372361 
12 90 0.345901 
13 90 0.326988 
14 90 0.695628 
15 90 0.375293 
16 90 0.680874 
17 90 0.485115 
18 90 0.724007 
19 90 0.115095 
20 90 0.519537 
21 90 0.680969 
22 90 0.752082 
23 90 0.362989 
24 90 0.291082 
25 90 0.49606 
26 90 0.291973 
27 90 0.735177 
28 90 0.345963 
29 90 0.777655 
30 90 0.715951 
31 90 0.227902 
32 90 0.219756 
33 90 0.0381151 
34 90 0.00257005 
35 90 0.166619 
36 90 0.703157 
37 90 0.0783175 
38 90 0.321782 
39 90 0.203547 
40 90 0.213867 
41 90 0.440185 
42 90 0.203505 
43 90 0.769016 
44 90 0.391338 
45 90 0.131702 
46 90 0.318323 
47 90 0.177869 
48 90 0.516021 
49 90 0.559356 
50 90 0.6605 
51 90 0.61968 
52 90 0.240829 
53 90 0.187817 
54 90 0.570424 
55 90 0.114177 
56 90 0.325713 
57 90 0.335751 
58 90 0.636131 
59 90 0.695666 
60 90 0.779192 
61 90 0.295394 
62 90 0.336637 
63 90 0.715804 
64 90 0.43116 
65 90 0.177376 
66 90 0.388575 
67 90 0.0688566 
68 90 0.644434 
69 90 0.4438 
70 90 0.564701 
71 90 0.352597 
72 90 0.408161 
73 90 0.462678 
74 90 0.518353 
75 90 0.0717953 
76 90 0.555016 
77 90 0.567859 
78 90 0.579629 
79 90 0.601308 
80 90 0.0477727 
81 90 0.139565 
82 90 0.169525 
83 90 0.616742 
84 90 0.0580893 
85 90 0.795191 
86 90 0.643037 
87 90 0.0266776 
88 90 0.351389 
89 90 0.403898 
90 90 0.334494 
91 90 0.610467 
92 90 0.508286 
93 90 0.57323 
94 90 0.691481 
95 90 0.690388 
96 90 0.734898 
97 90 0.553704 
98 90 0.143336 
99 90 0.579898 
