0 79 0.737431 
1 79 0.358014 
2 79 0.36557 
3 79 0.637556 
4 79 0.571493 
5 79 0.417272 
6 79 0.366673 
7 79 0.78391 
8 79 0.237156 
9 79 0.528786 
10 79 0.162887 
11 79 0.111236 
12 79 0.672314 
13 79 0.435163 
14 79 0.768507 
15 79 0.636189 
16 79 0.0511977 
17 79 0.462135 
18 79 0.535171 
19 79 0.126783 
20 79 0.352789 
21 79 0.0649392 
22 79 0.785827 
23 79 0.778833 
24 79 0.0261486 
25 79 0.203459 
26 79 0.561785 
27 79 0.76398 
28 79 0.343302 
29 79 0.423565 
30 79 0.490923 
31 79 0.13312 
32 79 0.100384 
33 79 0.568832 
34 79 0.181199 
35 79 0.402669 
36 79 0.178204 
37 79 0.641616 
38 79 0.287574 
39 79 0.408766 
40 79 0.695868 
41 79 0.477529 
42 79 0.0052168 
43 79 0.502953 
44 79 0.357807 
45 79 0.504933 
46 79 0.228701 
47 79 0.723608 
48 79 0.799194 
49 79 0.201291 
50 79 0.183808 
51 79 0.0622344 
52 79 0.0498001 
53 79 0.0522101 
54 79 0.201157 
55 79 0.65209 
56 79 0.0967622 
57 79 0.371476 
58 79 0.744559 
59 79 0.339887 
60 79 0.677181 
61 79 0.0515061 
62 79 0.46071 
63 79 0.378796 
64 79 0.693843 
65 79 0.46704 
66 79 0.210174 
67 79 0.622065 
68 79 0.50726 
69 79 0.609248 
70 79 0.437068 
71 79 0.2842 
72 79 0.155585 
73 79 0.622057 
74 79 0.274229 
75 79 0.718572 
76 79 0.725728 
77 79 0.701104 
78 79 0.485248 
79 79 0.456846 
80 79 0.629718 
81 79 0.190083 
82 79 0.477003 
83 79 0.074473 
84 79 0.343252 
85 79 0.175906 
86 79 0.270812 
87 79 0.128884 
88 79 0.283258 
89 79 0.186042 
90 79 0.197399 
91 79 0.513697 
92 79 0.393353 
93 79 0.436485 
94 79 0.150598 
95 79 0.121947 
96 79 0.636451 
97 79 0.130167 
98 79 0.693991 
99 79 0.0046744 
