0 30 0.202802 
1 30 0.468055 
2 30 0.356225 
3 30 0.274604 
4 30 0.73526 
5 30 0.017329 
6 30 0.765726 
7 30 0.321152 
8 30 0.708175 
9 30 0.012854 
10 30 0.665201 
11 30 0.349274 
12 30 0.510131 
13 30 0.583414 
14 30 0.661584 
15 30 0.758262 
16 30 0.493596 
17 30 0.0213723 
18 30 0.751671 
19 30 0.686437 
20 30 0.210092 
21 30 0.644727 
22 30 0.0104502 
23 30 0.594661 
24 30 0.600051 
25 30 0.593977 
26 30 0.416353 
27 30 0.0852586 
28 30 0.452429 
29 30 0.140365 
30 30 0.027935 
31 30 0.0881882 
32 30 0.401351 
33 30 0.708926 
34 30 0.172383 
35 30 0.770403 
36 30 0.574651 
37 30 0.678461 
38 30 0.326886 
39 30 0.170001 
40 30 0.0847667 
41 30 0.519177 
42 30 0.550206 
43 30 0.345484 
44 30 0.363724 
45 30 0.364266 
46 30 0.436938 
47 30 0.783007 
48 30 0.784376 
49 30 0.365546 
50 30 0.376216 
51 30 0.305174 
52 30 0.321264 
53 30 0.700207 
54 30 0.202975 
55 30 0.548561 
56 30 0.459178 
57 30 0.662062 
58 30 0.202499 
59 30 0.27231 
60 30 0.615524 
61 30 0.0726878 
62 30 0.749391 
63 30 0.224098 
64 30 0.602963 
65 30 0.307701 
66 30 0.534463 
67 30 0.519118 
68 30 0.269094 
69 30 0.461829 
70 30 0.101258 
71 30 0.206377 
72 30 0.228656 
73 30 0.544652 
74 30 0.146201 
75 30 0.53545 
76 30 0.335278 
77 30 0.312836 
78 30 0.00940575 
79 30 0.0416718 
80 30 0.68067 
81 30 0.145866 
82 30 0.263673 
83 30 0.0347798 
84 30 0.0058248 
85 30 0.397249 
86 30 0.69793 
87 30 0.498969 
88 30 0.442288 
89 30 0.350461 
90 30 0.191322 
91 30 0.0345765 
92 30 0.775828 
93 30 0.346978 
94 30 0.429183 
95 30 0.105637 
96 30 0.24622 
97 30 0.159182 
98 30 0.0326505 
99 30 0.389929 
