0 67 0.588417 
1 67 0.769962 
2 67 0.59449 
3 67 0.341477 
4 67 0.699313 
5 67 0.0845427 
6 67 0.681105 
7 67 0.454054 
8 67 0.517873 
9 67 0.630998 
10 67 0.352585 
11 67 0.620214 
12 67 0.589399 
13 67 0.583662 
14 67 0.672723 
15 67 0.478505 
16 67 0.189229 
17 67 0.744119 
18 67 0.722854 
19 67 0.481792 
20 67 0.703065 
21 67 0.154604 
22 67 0.184579 
23 67 0.175944 
24 67 0.433726 
25 67 0.379702 
26 67 0.703155 
27 67 0.646053 
28 67 0.366474 
29 67 0.583999 
30 67 0.0541739 
31 67 0.147624 
32 67 0.567384 
33 67 0.660141 
34 67 0.111397 
35 67 0.762733 
36 67 0.151329 
37 67 0.437043 
38 67 0.402557 
39 67 0.360379 
40 67 0.143288 
41 67 0.124522 
42 67 0.0457919 
43 67 0.783916 
44 67 0.35441 
45 67 0.323045 
46 67 0.352975 
47 67 0.177674 
48 67 0.135765 
49 67 0.0805672 
50 67 0.335517 
51 67 0.768681 
52 67 0.560959 
53 67 0.507915 
54 67 0.625504 
55 67 0.159507 
56 67 0.62443 
57 67 0.528847 
58 67 0.430787 
59 67 0.205479 
60 67 0.766838 
61 67 0.599478 
62 67 0.590821 
63 67 0.428886 
64 67 0.428415 
65 67 0.174761 
66 67 0.109004 
67 67 0.657899 
68 67 0.264271 
69 67 0.229229 
70 67 0.119926 
71 67 0.166638 
72 67 0.785512 
73 67 0.551711 
74 67 0.322884 
75 67 0.3458 
76 67 0.155719 
77 67 0.555799 
78 67 0.389692 
79 67 0.0584699 
80 67 0.150235 
81 67 0.612698 
82 67 0.289017 
83 67 0.380791 
84 67 0.394372 
85 67 0.561723 
86 67 0.660326 
87 67 0.275207 
88 67 0.00785652 
89 67 0.114797 
90 67 0.2762 
91 67 0.499422 
92 67 0.558614 
93 67 0.574862 
94 67 0.107742 
95 67 0.769067 
96 67 0.332441 
97 67 0.285356 
98 67 0.0852919 
99 67 0.240762 
