0 43 0.61539 
1 43 0.0539466 
2 43 0.213356 
3 43 0.733935 
4 43 0.578909 
5 43 0.354078 
6 43 0.569411 
7 43 0.407623 
8 43 0.778936 
9 43 0.631355 
10 43 0.535714 
11 43 0.713434 
12 43 0.13571 
13 43 0.577674 
14 43 0.306897 
15 43 0.0391692 
16 43 0.700439 
17 43 0.151707 
18 43 0.213978 
19 43 0.441768 
20 43 0.350127 
21 43 0.455043 
22 43 0.707145 
23 43 0.697293 
24 43 0.666594 
25 43 0.308037 
26 43 0.260423 
27 43 0.741767 
28 43 0.0495629 
29 43 0.74186 
30 43 0.777194 
31 43 0.453475 
32 43 0.313475 
33 43 0.144739 
34 43 0.114826 
35 43 0.215291 
36 43 0.478604 
37 43 0.109925 
38 43 0.548435 
39 43 0.334357 
40 43 0.186306 
41 43 0.303454 
42 43 0.156891 
43 43 0.0092258 
44 43 0.423547 
45 43 0.0316992 
46 43 0.182215 
47 43 0.49843 
48 43 0.302644 
49 43 0.250673 
50 43 0.573064 
51 43 0.691413 
52 43 0.719005 
53 43 0.307305 
54 43 0.399646 
55 43 0.148259 
56 43 0.0170954 
57 43 0.462905 
58 43 0.51959 
59 43 0.329038 
60 43 0.678043 
61 43 0.233888 
62 43 0.442824 
63 43 0.646433 
64 43 0.749341 
65 43 0.787107 
66 43 0.330402 
67 43 0.464169 
68 43 0.266888 
69 43 0.375103 
70 43 0.297171 
71 43 0.703953 
72 43 0.746459 
73 43 0.596991 
74 43 0.019355 
75 43 0.63826 
76 43 0.745022 
77 43 0.141983 
78 43 0.388274 
79 43 0.55596 
80 43 0.209459 
81 43 0.19206 
82 43 0.0657603 
83 43 0.400818 
84 43 0.261214 
85 43 0.563929 
86 43 0.117412 
87 43 0.0942137 
88 43 0.105746 
89 43 0.222604 
90 43 0.273601 
91 43 0.616042 
92 43 0.580004 
93 43 0.339115 
94 43 0.264289 
95 43 0.446699 
96 43 0.238302 
97 43 0.242421 
98 43 0.195481 
99 43 0.110909 
