0 68 0.0315265 
1 68 0.199658 
2 68 0.00360834 
3 68 0.350479 
4 68 0.213384 
5 68 0.301507 
6 68 0.462768 
7 68 0.122649 
8 68 0.637073 
9 68 0.549313 
10 68 0.0726098 
11 68 0.33313 
12 68 0.282879 
13 68 0.0491335 
14 68 0.455063 
15 68 0.533487 
16 68 0.762538 
17 68 0.763334 
18 68 0.731934 
19 68 0.466864 
20 68 0.70626 
21 68 0.520678 
22 68 0.0404974 
23 68 0.460497 
24 68 0.190911 
25 68 0.415621 
26 68 0.678102 
27 68 0.452477 
28 68 0.515691 
29 68 0.681005 
30 68 0.20924 
31 68 0.234595 
32 68 0.793046 
33 68 0.173389 
34 68 0.136132 
35 68 0.745916 
36 68 0.413187 
37 68 0.343098 
38 68 0.253336 
39 68 0.152655 
40 68 0.503398 
41 68 0.103897 
42 68 0.167728 
43 68 0.684687 
44 68 0.734592 
45 68 0.238742 
46 68 0.237105 
47 68 0.370571 
48 68 0.558629 
49 68 0.392358 
50 68 0.344009 
51 68 0.285528 
52 68 0.0728861 
53 68 0.49229 
54 68 0.697998 
55 68 0.32881 
56 68 0.574171 
57 68 0.681705 
58 68 0.212517 
59 68 0.0769041 
60 68 0.452379 
61 68 0.614995 
62 68 0.394779 
63 68 0.552298 
64 68 0.206962 
65 68 0.432294 
66 68 0.664101 
67 68 0.146654 
68 68 0.572085 
69 68 0.113086 
70 68 0.557088 
71 68 0.150001 
72 68 0.466004 
73 68 0.0845134 
74 68 0.216835 
75 68 0.171497 
76 68 0.355653 
77 68 0.285268 
78 68 0.323472 
79 68 0.704708 
80 68 0.439658 
81 68 0.32399 
82 68 0.256107 
83 68 0.288773 
84 68 0.465562 
85 68 0.0871144 
86 68 0.268335 
87 68 0.680436 
88 68 0.488404 
89 68 0.796084 
90 68 0.715199 
91 68 0.252327 
92 68 0.263951 
93 68 0.0244468 
94 68 0.085328 
95 68 0.603282 
96 68 0.779157 
97 68 0.153908 
98 68 0.373088 
99 68 0.192862 
