0 26 0.244674 
1 26 0.0495549 
2 26 0.698548 
3 26 0.591387 
4 26 0.0121941 
5 26 0.283569 
6 26 0.593267 
7 26 0.260491 
8 26 0.60034 
9 26 0.145087 
10 26 0.615222 
11 26 0.505231 
12 26 0.343224 
13 26 0.383684 
14 26 0.783862 
15 26 0.568656 
16 26 0.346315 
17 26 0.307984 
18 26 0.466423 
19 26 0.782291 
20 26 0.262793 
21 26 0.701362 
22 26 0.207368 
23 26 0.0303048 
24 26 0.419376 
25 26 0.5145 
26 26 0.412286 
27 26 0.768987 
28 26 0.268459 
29 26 0.313074 
30 26 0.235524 
31 26 0.372757 
32 26 0.751196 
33 26 0.288568 
34 26 0.285023 
35 26 0.0166643 
36 26 0.766382 
37 26 0.260902 
38 26 0.483135 
39 26 0.694828 
40 26 0.30346 
41 26 0.610941 
42 26 0.0169241 
43 26 0.240906 
44 26 0.480603 
45 26 0.0816064 
46 26 0.732939 
47 26 0.350989 
48 26 0.322556 
49 26 0.473201 
50 26 0.034401 
51 26 0.554057 
52 26 0.246817 
53 26 0.39869 
54 26 0.513903 
55 26 0.398938 
56 26 0.200884 
57 26 0.765253 
58 26 0.369642 
59 26 0.753339 
60 26 0.423634 
61 26 0.111832 
62 26 0.42435 
63 26 0.48152 
64 26 0.771835 
65 26 0.304383 
66 26 0.394078 
67 26 0.214361 
68 26 0.354647 
69 26 0.624241 
70 26 0.661343 
71 26 0.301689 
72 26 0.515332 
73 26 0.557035 
74 26 0.115301 
75 26 0.0120406 
76 26 0.444267 
77 26 0.530445 
78 26 0.150607 
79 26 0.569673 
80 26 0.571098 
81 26 0.15109 
82 26 0.613409 
83 26 0.254574 
84 26 0.0671599 
85 26 0.035268 
86 26 0.760567 
87 26 0.0586344 
88 26 0.260148 
89 26 0.403158 
90 26 0.377575 
91 26 0.256098 
92 26 0.548531 
93 26 0.443029 
94 26 0.604744 
95 26 0.68373 
96 26 0.636867 
97 26 0.782801 
98 26 0.581098 
99 26 0.745902 
