0 71 0.313054 
1 71 0.295003 
2 71 0.385314 
3 71 0.135752 
4 71 0.31132 
5 71 0.599635 
6 71 0.104168 
7 71 0.0940594 
8 71 0.683003 
9 71 0.463996 
10 71 0.713248 
11 71 0.0622964 
12 71 0.316523 
13 71 0.133774 
14 71 0.426473 
15 71 0.0357396 
16 71 0.61482 
17 71 0.110864 
18 71 0.209355 
19 71 0.546123 
20 71 0.287176 
21 71 0.311611 
22 71 0.33465 
23 71 0.431357 
24 71 0.212707 
25 71 0.767149 
26 71 0.713993 
27 71 0.494795 
28 71 0.667001 
29 71 0.0341638 
30 71 0.0660452 
31 71 0.459452 
32 71 0.678806 
33 71 0.430629 
34 71 0.563095 
35 71 0.165395 
36 71 0.0677348 
37 71 0.383687 
38 71 0.204971 
39 71 0.66964 
40 71 0.678274 
41 71 0.607367 
42 71 0.214257 
43 71 0.409728 
44 71 0.354862 
45 71 0.0515998 
46 71 0.130406 
47 71 0.00490066 
48 71 0.67451 
49 71 0.215717 
50 71 0.543794 
51 71 0.587772 
52 71 0.714807 
53 71 0.530123 
54 71 0.191632 
55 71 0.416193 
56 71 0.47894 
57 71 0.127138 
58 71 0.797256 
59 71 0.510949 
60 71 0.701209 
61 71 0.727026 
62 71 0.459484 
63 71 0.400053 
64 71 0.549451 
65 71 0.267063 
66 71 0.481156 
67 71 0.118441 
68 71 0.711173 
69 71 0.768139 
70 71 0.305593 
71 71 0.746457 
72 71 0.381668 
73 71 0.562423 
74 71 0.283843 
75 71 0.485374 
76 71 0.0956974 
77 71 0.500463 
78 71 0.791981 
79 71 0.214818 
80 71 0.696257 
81 71 0.0807932 
82 71 0.605398 
83 71 0.409735 
84 71 0.54803 
85 71 0.175444 
86 71 0.0183697 
87 71 0.594115 
88 71 0.216924 
89 71 0.0816788 
90 71 0.304819 
91 71 0.172688 
92 71 0.673445 
93 71 0.476524 
94 71 0.388533 
95 71 0.647033 
96 71 0.0406116 
97 71 0.0614369 
98 71 0.68905 
99 71 0.708825 
