0 64 0.796143 
1 64 0.0402718 
2 64 0.571613 
3 64 0.302695 
4 64 0.148942 
5 64 0.701233 
6 64 0.0932756 
7 64 0.476139 
8 64 0.146284 
9 64 0.110387 
10 64 0.621594 
11 64 0.0074087 
12 64 0.388656 
13 64 0.327664 
14 64 0.0578513 
15 64 0.232778 
16 64 0.50048 
17 64 0.257172 
18 64 0.501152 
19 64 0.503624 
20 64 0.596618 
21 64 0.183991 
22 64 0.672782 
23 64 0.660189 
24 64 0.778061 
25 64 0.251439 
26 64 0.0388563 
27 64 0.150213 
28 64 0.645439 
29 64 0.141995 
30 64 0.297047 
31 64 0.350943 
32 64 0.653519 
33 64 0.571378 
34 64 0.516649 
35 64 0.299203 
36 64 0.387882 
37 64 0.151819 
38 64 0.0733782 
39 64 0.369849 
40 64 0.579748 
41 64 0.23927 
42 64 0.531261 
43 64 0.141963 
44 64 0.336026 
45 64 0.105728 
46 64 0.0310324 
47 64 0.796627 
48 64 0.191269 
49 64 0.385259 
50 64 0.226373 
51 64 0.00831446 
52 64 0.367556 
53 64 0.356424 
54 64 0.0513267 
55 64 0.156345 
56 64 0.454722 
57 64 0.353431 
58 64 0.490126 
59 64 0.67888 
60 64 0.779066 
61 64 0.0369607 
62 64 0.0299888 
63 64 0.111235 
64 64 0.104777 
65 64 0.155397 
66 64 0.574637 
67 64 0.186053 
68 64 0.256165 
69 64 0.509438 
70 64 0.404165 
71 64 0.416617 
72 64 0.592089 
73 64 0.284366 
74 64 0.40017 
75 64 0.12864 
76 64 0.463616 
77 64 0.705948 
78 64 0.418995 
79 64 0.47815 
80 64 0.174449 
81 64 0.536768 
82 64 0.00764724 
83 64 0.549372 
84 64 0.326169 
85 64 0.562282 
86 64 0.100851 
87 64 0.118262 
88 64 0.462107 
89 64 0.286403 
90 64 0.674405 
91 64 0.756314 
92 64 0.574545 
93 64 0.117485 
94 64 0.561962 
95 64 0.633655 
96 64 0.465782 
97 64 0.0454772 
98 64 0.486846 
99 64 0.729949 
