0 97 0.346742 
1 97 0.195296 
2 97 0.276511 
3 97 0.152223 
4 97 0.585597 
5 97 0.710363 
6 97 0.611286 
7 97 0.759372 
8 97 0.233438 
9 97 0.083643 
10 97 0.708431 
11 97 0.77453 
12 97 0.460228 
13 97 0.0629288 
14 97 0.0108948 
15 97 0.306131 
16 97 0.437284 
17 97 0.785564 
18 97 0.0917101 
19 97 0.652769 
20 97 0.735233 
21 97 0.494567 
22 97 0.533845 
23 97 0.500614 
24 97 0.118674 
25 97 0.137742 
26 97 0.441792 
27 97 0.341587 
28 97 0.726325 
29 97 0.299412 
30 97 0.37244 
31 97 0.749097 
32 97 0.342188 
33 97 0.215941 
34 97 0.791834 
35 97 0.319742 
36 97 0.5072 
37 97 0.312522 
38 97 0.477467 
39 97 0.571201 
40 97 0.24621 
41 97 0.143395 
42 97 0.456279 
43 97 0.255527 
44 97 0.127832 
45 97 0.764623 
46 97 0.490268 
47 97 0.526369 
48 97 0.528174 
49 97 0.0483995 
50 97 0.189212 
51 97 0.388333 
52 97 0.188884 
53 97 0.433284 
54 97 0.446167 
55 97 0.234297 
56 97 0.658282 
57 97 0.305994 
58 97 0.508538 
59 97 0.193754 
60 97 0.685398 
61 97 0.458362 
62 97 0.768007 
63 97 0.158335 
64 97 0.50519 
65 97 0.673932 
66 97 0.64021 
67 97 0.0982286 
68 97 0.100164 
69 97 0.723208 
70 97 0.288389 
71 97 0.647663 
72 97 0.560371 
73 97 0.793083 
74 97 0.477164 
75 97 0.57099 
76 97 0.559077 
77 97 0.555642 
78 97 0.73108 
79 97 0.0751991 
80 97 0.145473 
81 97 0.0224428 
82 97 0.313381 
83 97 0.267414 
84 97 0.306514 
85 97 0.55906 
86 97 0.459425 
87 97 0.712135 
88 97 0.418806 
89 97 0.580146 
90 97 0.224241 
91 97 0.628942 
92 97 0.307159 
93 97 0.262894 
94 97 0.574929 
95 97 0.519361 
96 97 0.168421 
97 97 0.718917 
98 97 0.59377 
99 97 0.353329 
