0 54 0.335206 
1 54 0.146534 
2 54 0.516484 
3 54 0.617747 
4 54 0.0849607 
5 54 0.288763 
6 54 0.294165 
7 54 0.143995 
8 54 0.059444 
9 54 0.0696848 
10 54 0.374606 
11 54 0.201827 
12 54 0.242883 
13 54 0.518717 
14 54 0.716764 
15 54 0.198173 
16 54 0.054006 
17 54 0.72468 
18 54 0.306076 
19 54 0.744769 
20 54 0.63559 
21 54 0.0106746 
22 54 0.754957 
23 54 0.0541528 
24 54 0.684055 
25 54 0.176953 
26 54 0.606904 
27 54 0.259438 
28 54 0.770557 
29 54 0.490097 
30 54 0.513532 
31 54 0.176938 
32 54 0.554864 
33 54 0.27096 
34 54 0.236834 
35 54 0.347817 
36 54 0.285774 
37 54 0.113105 
38 54 0.789909 
39 54 0.632764 
40 54 0.391128 
41 54 0.57258 
42 54 0.170438 
43 54 0.115145 
44 54 0.514952 
45 54 0.178951 
46 54 0.427567 
47 54 0.747846 
48 54 0.777175 
49 54 0.553743 
50 54 0.501171 
51 54 0.417793 
52 54 0.564948 
53 54 0.567618 
54 54 0.140946 
55 54 0.0865207 
56 54 0.168578 
57 54 0.346763 
58 54 0.762454 
59 54 0.661585 
60 54 0.629049 
61 54 0.313363 
62 54 0.770048 
63 54 0.346978 
64 54 0.194355 
65 54 0.309507 
66 54 0.214792 
67 54 0.440924 
68 54 0.27558 
69 54 0.473901 
70 54 0.753502 
71 54 0.667522 
72 54 0.0915679 
73 54 0.595716 
74 54 0.411944 
75 54 0.799445 
76 54 0.635353 
77 54 0.729039 
78 54 0.668526 
79 54 0.35305 
80 54 0.65476 
81 54 0.342565 
82 54 0.613213 
83 54 0.779217 
84 54 0.628712 
85 54 0.17503 
86 54 0.732027 
87 54 0.687642 
88 54 0.210893 
89 54 0.134966 
90 54 0.144378 
91 54 0.457111 
92 54 0.685234 
93 54 0.262784 
94 54 0.725496 
95 54 0.0135331 
96 54 0.305061 
97 54 0.419851 
98 54 0.194156 
99 54 0.00548103 
