0 18 0.260889 
1 18 0.331437 
2 18 0.63497 
3 18 0.723228 
4 18 0.593058 
5 18 0.520045 
6 18 0.450905 
7 18 0.202388 
8 18 0.507573 
9 18 0.738426 
10 18 0.162931 
11 18 0.0462733 
12 18 0.0605377 
13 18 0.591012 
14 18 0.207755 
15 18 0.177044 
16 18 0.406212 
17 18 0.446422 
18 18 0.615604 
19 18 0.340885 
20 18 0.173511 
21 18 0.047821 
22 18 0.128677 
23 18 0.682486 
24 18 0.103628 
25 18 0.272855 
26 18 0.204438 
27 18 0.0627833 
28 18 0.28021 
29 18 0.0225004 
30 18 0.545347 
31 18 0.675843 
32 18 0.0162526 
33 18 0.794173 
34 18 0.40497 
35 18 0.434537 
36 18 0.459978 
37 18 0.729716 
38 18 0.0463592 
39 18 0.617084 
40 18 0.210102 
41 18 0.0813903 
42 18 0.62597 
43 18 0.757924 
44 18 0.107222 
45 18 0.667532 
46 18 0.738124 
47 18 0.00510418 
48 18 0.590354 
49 18 0.294756 
50 18 0.584591 
51 18 0.51305 
52 18 0.417948 
53 18 0.158522 
54 18 0.268375 
55 18 0.66853 
56 18 0.103968 
57 18 0.034309 
58 18 0.406527 
59 18 0.692383 
60 18 0.752512 
61 18 0.338158 
62 18 0.14223 
63 18 0.52403 
64 18 0.114853 
65 18 0.622963 
66 18 0.49054 
67 18 0.301434 
68 18 0.539001 
69 18 0.483308 
70 18 0.47438 
71 18 0.105439 
72 18 0.760544 
73 18 0.0851976 
74 18 0.594366 
75 18 0.535492 
76 18 0.0700375 
77 18 0.583349 
78 18 0.35395 
79 18 0.344622 
80 18 0.00476278 
81 18 0.509584 
82 18 0.786399 
83 18 0.335672 
84 18 0.551474 
85 18 0.774364 
86 18 0.73015 
87 18 0.45475 
88 18 0.769888 
89 18 0.609787 
90 18 0.228922 
91 18 0.561466 
92 18 0.0841873 
93 18 0.53134 
94 18 0.440032 
95 18 0.461394 
96 18 0.243191 
97 18 0.562589 
98 18 0.55072 
99 18 0.113246 
