0 52 0.0962386 
1 52 0.124331 
2 52 0.581711 
3 52 0.490495 
4 52 0.448464 
5 52 0.0195703 
6 52 0.707811 
7 52 0.777201 
8 52 0.0916523 
9 52 0.480611 
10 52 0.458725 
11 52 0.398946 
12 52 0.376683 
13 52 0.0485744 
14 52 0.407469 
15 52 0.304995 
16 52 0.29831 
17 52 0.403608 
18 52 0.176834 
19 52 0.702206 
20 52 0.260233 
21 52 0.591224 
22 52 0.299611 
23 52 0.780248 
24 52 0.382981 
25 52 0.229366 
26 52 0.261833 
27 52 0.553402 
28 52 0.272727 
29 52 0.472435 
30 52 0.268939 
31 52 0.397387 
32 52 0.426851 
33 52 0.698958 
34 52 0.689866 
35 52 0.412841 
36 52 0.461861 
37 52 0.717525 
38 52 0.0666456 
39 52 0.172664 
40 52 0.331256 
41 52 0.197371 
42 52 0.150509 
43 52 0.367299 
44 52 0.444465 
45 52 0.14058 
46 52 0.580473 
47 52 0.523606 
48 52 0.679887 
49 52 0.721638 
50 52 0.276882 
51 52 0.544933 
52 52 0.47703 
53 52 0.795101 
54 52 0.405431 
55 52 0.11273 
56 52 0.0760476 
57 52 0.719227 
58 52 0.285351 
59 52 0.691993 
60 52 0.272442 
61 52 0.703452 
62 52 0.728714 
63 52 0.524733 
64 52 0.256873 
65 52 0.115962 
66 52 0.697965 
67 52 0.325669 
68 52 0.799505 
69 52 0.759211 
70 52 0.116574 
71 52 0.431525 
72 52 0.701568 
73 52 0.0582621 
74 52 0.0481238 
75 52 0.361222 
76 52 0.661318 
77 52 0.462114 
78 52 0.249996 
79 52 0.0870516 
80 52 0.0406479 
81 52 0.520304 
82 52 0.119085 
83 52 0.4997 
84 52 0.363687 
85 52 0.660003 
86 52 0.521882 
87 52 0.471896 
88 52 0.333505 
89 52 0.556186 
90 52 0.567616 
91 52 0.474431 
92 52 0.726522 
93 52 0.383038 
94 52 0.63506 
95 52 0.567127 
96 52 0.185882 
97 52 0.618616 
98 52 0.102663 
99 52 0.297225 
