0 59 0.332133 
1 59 0.684634 
2 59 0.312949 
3 59 0.521642 
4 59 0.402238 
5 59 0.387716 
6 59 0.382873 
7 59 0.655304 
8 59 0.522221 
9 59 0.754599 
10 59 0.289174 
11 59 0.691181 
12 59 0.559407 
13 59 0.254378 
14 59 0.739052 
15 59 0.0498419 
16 59 0.523403 
17 59 0.311509 
18 59 0.716236 
19 59 0.650402 
20 59 0.723944 
21 59 0.0677001 
22 59 0.332325 
23 59 0.16025 
24 59 0.505318 
25 59 0.0386938 
26 59 0.29487 
27 59 0.354099 
28 59 0.291106 
29 59 0.0446041 
30 59 0.578356 
31 59 0.683646 
32 59 0.32222 
33 59 0.031514 
34 59 0.789949 
35 59 0.403266 
36 59 0.584108 
37 59 0.268261 
38 59 0.592778 
39 59 0.165104 
40 59 0.365 
41 59 0.448569 
42 59 0.107213 
43 59 0.548306 
44 59 0.176551 
45 59 0.39235 
46 59 0.0229113 
47 59 0.487959 
48 59 0.0268084 
49 59 0.4454 
50 59 0.174384 
51 59 0.763779 
52 59 0.57288 
53 59 0.63031 
54 59 0.598713 
55 59 0.409489 
56 59 0.434407 
57 59 0.157642 
58 59 0.686842 
59 59 0.66654 
60 59 0.637463 
61 59 0.0359942 
62 59 0.694755 
63 59 0.199302 
64 59 0.304954 
65 59 0.536048 
66 59 0.119212 
67 59 0.023781 
68 59 0.354626 
69 59 0.38286 
70 59 0.0192012 
71 59 0.0559111 
72 59 0.633738 
73 59 0.246581 
74 59 0.00545958 
75 59 0.210959 
76 59 0.538892 
77 59 0.627953 
78 59 0.745816 
79 59 0.248939 
80 59 0.466499 
81 59 0.468544 
82 59 0.130394 
83 59 0.154146 
84 59 0.2045 
85 59 0.063824 
86 59 0.0524518 
87 59 0.0896734 
88 59 0.548278 
89 59 0.483842 
90 59 0.133505 
91 59 0.601736 
92 59 0.656795 
93 59 0.451437 
94 59 0.154895 
95 59 0.411475 
96 59 0.617154 
97 59 0.537406 
98 59 0.646953 
99 59 0.321798 
