0 22 0.139663 
1 22 0.162514 
2 22 0.0882189 
3 22 0.48324 
4 22 0.286952 
5 22 0.64342 
6 22 0.268963 
7 22 0.365563 
8 22 0.745917 
9 22 0.0545112 
10 22 0.273633 
11 22 0.0111306 
12 22 0.726132 
13 22 0.695064 
14 22 0.52412 
15 22 0.676115 
16 22 0.627722 
17 22 0.0988919 
18 22 0.510962 
19 22 0.409309 
20 22 0.637988 
21 22 0.196791 
22 22 0.507681 
23 22 0.0831457 
24 22 0.545178 
25 22 0.677222 
26 22 0.763233 
27 22 0.0974264 
28 22 0.489227 
29 22 0.184705 
30 22 0.270595 
31 22 0.134242 
32 22 0.190718 
33 22 0.635111 
34 22 0.729994 
35 22 0.117015 
36 22 0.358238 
37 22 0.26415 
38 22 0.267708 
39 22 0.388434 
40 22 0.303583 
41 22 0.439315 
42 22 0.141053 
43 22 0.0469605 
44 22 0.252501 
45 22 0.489345 
46 22 0.592363 
47 22 0.333985 
48 22 0.557208 
49 22 0.411538 
50 22 0.401461 
51 22 0.119936 
52 22 0.333069 
53 22 0.298621 
54 22 0.753824 
55 22 0.654465 
56 22 0.710977 
57 22 0.609611 
58 22 0.148655 
59 22 0.200945 
60 22 0.2556 
61 22 0.441155 
62 22 0.531459 
63 22 0.322601 
64 22 0.675605 
65 22 0.734967 
66 22 0.166755 
67 22 0.57894 
68 22 0.0280419 
69 22 0.250749 
70 22 0.755137 
71 22 0.236607 
72 22 0.717799 
73 22 0.137079 
74 22 0.24846 
75 22 0.726235 
76 22 0.359078 
77 22 0.226602 
78 22 0.633318 
79 22 0.476688 
80 22 0.0364878 
81 22 0.718945 
82 22 0.0571513 
83 22 0.128411 
84 22 0.0953669 
85 22 0.708612 
86 22 0.783592 
87 22 0.266256 
88 22 0.402038 
89 22 0.6196 
90 22 0.260367 
91 22 0.107433 
92 22 0.245415 
93 22 0.33198 
94 22 0.242154 
95 22 0.173782 
96 22 0.800135 
97 22 0.00296205 
98 22 0.734952 
99 22 0.435723 
