0 99 0.201234 
1 99 0.437401 
2 99 0.143247 
3 99 0.450532 
4 99 0.559207 
5 99 0.647859 
6 99 0.694637 
7 99 0.433334 
8 99 0.00859139 
9 99 0.446695 
10 99 0.119664 
11 99 0.242211 
12 99 0.685199 
13 99 0.613302 
14 99 0.256376 
15 99 0.299833 
16 99 0.51461 
17 99 0.327516 
18 99 0.612778 
19 99 0.77119 
20 99 0.404707 
21 99 0.439055 
22 99 0.702514 
23 99 0.533298 
24 99 0.0825176 
25 99 0.257069 
26 99 0.367492 
27 99 0.111091 
28 99 0.447176 
29 99 0.370208 
30 99 0.24554 
31 99 0.724287 
32 99 0.111991 
33 99 0.0608128 
34 99 0.0512709 
35 99 0.329603 
36 99 0.700139 
37 99 0.306647 
38 99 0.680223 
39 99 0.475354 
40 99 0.138576 
41 99 0.588165 
42 99 0.553489 
43 99 0.152685 
44 99 0.387613 
45 99 0.398428 
46 99 0.258435 
47 99 0.326951 
48 99 0.611167 
49 99 0.314463 
50 99 0.529135 
51 99 0.741846 
52 99 0.00639381 
53 99 0.00535602 
54 99 0.413261 
55 99 0.239699 
56 99 0.766802 
57 99 0.06713 
58 99 0.167901 
59 99 0.75711 
60 99 0.142436 
61 99 0.179851 
62 99 0.636915 
63 99 0.52494 
64 99 0.525185 
65 99 0.249205 
66 99 0.616907 
67 99 0.428641 
68 99 0.26152 
69 99 0.205371 
70 99 0.721225 
71 99 0.294211 
72 99 0.452288 
73 99 0.0275413 
74 99 0.551181 
75 99 0.511072 
76 99 0.483691 
77 99 0.406604 
78 99 0.491737 
79 99 0.629791 
80 99 0.712936 
81 99 0.728362 
82 99 0.593575 
83 99 0.599692 
84 99 0.416596 
85 99 0.133838 
86 99 0.57449 
87 99 0.471829 
88 99 0.648886 
89 99 0.73492 
90 99 0.00516626 
91 99 0.75756 
92 99 0.744819 
93 99 0.602522 
94 99 0.762046 
95 99 0.125297 
96 99 0.322279 
97 99 0.190643 
98 99 0.080897 
99 99 0.313819 
