0 44 0.29956 
1 44 0.493767 
2 44 0.569667 
3 44 0.450658 
4 44 0.081215 
5 44 0.774382 
6 44 0.74663 
7 44 0.349214 
8 44 0.17717 
9 44 0.513674 
10 44 0.457442 
11 44 0.759552 
12 44 0.392188 
13 44 0.269195 
14 44 0.753934 
15 44 0.61858 
16 44 0.557829 
17 44 0.391068 
18 44 0.488668 
19 44 0.179735 
20 44 0.191018 
21 44 0.605525 
22 44 0.583888 
23 44 0.0375664 
24 44 0.648507 
25 44 0.276056 
26 44 0.586783 
27 44 0.35939 
28 44 0.0311417 
29 44 0.208099 
30 44 0.329828 
31 44 0.203717 
32 44 0.0239633 
33 44 0.572122 
34 44 0.053598 
35 44 0.104764 
36 44 0.0537924 
37 44 0.586929 
38 44 0.135987 
39 44 0.213157 
40 44 0.70002 
41 44 0.73309 
42 44 0.524751 
43 44 0.205968 
44 44 0.602636 
45 44 0.246402 
46 44 0.743207 
47 44 0.0990216 
48 44 0.0291835 
49 44 0.31972 
50 44 0.320715 
51 44 0.80063 
52 44 0.0650112 
53 44 0.270067 
54 44 0.353154 
55 44 0.320334 
56 44 0.318856 
57 44 0.529017 
58 44 0.429645 
59 44 0.0449504 
60 44 0.261601 
61 44 0.00762704 
62 44 0.717651 
63 44 0.446705 
64 44 0.0603744 
65 44 0.68953 
66 44 0.0631598 
67 44 0.438774 
68 44 0.368007 
69 44 0.126799 
70 44 0.521775 
71 44 0.78205 
72 44 0.0345943 
73 44 0.624744 
74 44 0.338742 
75 44 0.322692 
76 44 0.38373 
77 44 0.586362 
78 44 0.334663 
79 44 0.300961 
80 44 0.785102 
81 44 0.659388 
82 44 0.345925 
83 44 0.12707 
84 44 0.541033 
85 44 0.593492 
86 44 0.278696 
87 44 0.363261 
88 44 0.130381 
89 44 0.753727 
90 44 0.574743 
91 44 0.163763 
92 44 0.655784 
93 44 0.104246 
94 44 0.120494 
95 44 0.715233 
96 44 0.152398 
97 44 0.0730104 
98 44 0.505892 
99 44 0.0837542 
