0 20 0.252702 
1 20 0.0882644 
2 20 0.608733 
3 20 0.330604 
4 20 0.70257 
5 20 0.303335 
6 20 0.0208771 
7 20 0.342579 
8 20 0.127893 
9 20 0.0881151 
10 20 0.574502 
11 20 0.155691 
12 20 0.768874 
13 20 0.601481 
14 20 0.602557 
15 20 0.109777 
16 20 0.687898 
17 20 0.660658 
18 20 0.160922 
19 20 0.123451 
20 20 0.0125225 
21 20 0.717321 
22 20 0.364719 
23 20 0.617523 
24 20 0.152097 
25 20 0.463571 
26 20 0.481112 
27 20 0.539946 
28 20 0.24909 
29 20 0.110359 
30 20 0.405172 
31 20 0.540589 
32 20 0.0516773 
33 20 0.738533 
34 20 0.763898 
35 20 0.667177 
36 20 0.267797 
37 20 0.033645 
38 20 0.111326 
39 20 0.787856 
40 20 0.287041 
41 20 0.241169 
42 20 0.477929 
43 20 0.299904 
44 20 0.38234 
45 20 0.783643 
46 20 0.692209 
47 20 0.186591 
48 20 0.579516 
49 20 0.0897283 
50 20 0.580638 
51 20 0.286796 
52 20 0.138729 
53 20 0.70832 
54 20 0.753227 
55 20 0.283387 
56 20 0.253231 
57 20 0.41057 
58 20 0.496724 
59 20 0.768706 
60 20 0.306393 
61 20 0.285493 
62 20 0.747281 
63 20 0.403349 
64 20 0.751293 
65 20 0.660373 
66 20 0.728609 
67 20 0.249129 
68 20 0.0390832 
69 20 0.273682 
70 20 0.318135 
71 20 0.797617 
72 20 0.328106 
73 20 0.555777 
74 20 0.648518 
75 20 0.281876 
76 20 0.342807 
77 20 0.277014 
78 20 0.244011 
79 20 0.0149972 
80 20 0.439075 
81 20 0.204216 
82 20 0.0777083 
83 20 0.61455 
84 20 0.7486 
85 20 0.373419 
86 20 0.378823 
87 20 0.303871 
88 20 0.279954 
89 20 0.133104 
90 20 0.722134 
91 20 0.181463 
92 20 0.754525 
93 20 0.0859824 
94 20 0.577529 
95 20 0.651927 
96 20 0.181792 
97 20 0.318483 
98 20 0.760003 
99 20 0.322039 
