0 88 0.401604 
1 88 0.306514 
2 88 0.330713 
3 88 0.453162 
4 88 0.10016 
5 88 0.682193 
6 88 0.127357 
7 88 0.560947 
8 88 0.775388 
9 88 0.36015 
10 88 0.0196955 
11 88 0.333878 
12 88 0.013004 
13 88 0.263295 
14 88 0.211131 
15 88 0.698387 
16 88 0.795822 
17 88 0.108765 
18 88 0.0722412 
19 88 0.739371 
20 88 0.598915 
21 88 0.517962 
22 88 0.646963 
23 88 0.022084 
24 88 0.119886 
25 88 0.0359494 
26 88 0.480545 
27 88 0.187968 
28 88 0.0226296 
29 88 0.276488 
30 88 0.212099 
31 88 0.455233 
32 88 0.314091 
33 88 0.268109 
34 88 0.542329 
35 88 0.44896 
36 88 0.0291269 
37 88 0.0157717 
38 88 0.470122 
39 88 0.794955 
40 88 0.695283 
41 88 0.0457392 
42 88 0.116832 
43 88 0.468148 
44 88 0.751604 
45 88 0.39719 
46 88 0.789155 
47 88 0.0409973 
48 88 0.621466 
49 88 0.16775 
50 88 0.590524 
51 88 0.596405 
52 88 0.442242 
53 88 0.223503 
54 88 0.563321 
55 88 0.235914 
56 88 0.334583 
57 88 0.800923 
58 88 0.588711 
59 88 0.120402 
60 88 0.291852 
61 88 0.760182 
62 88 0.407044 
63 88 0.234899 
64 88 0.569047 
65 88 0.0154056 
66 88 0.215834 
67 88 0.606829 
68 88 0.693065 
69 88 0.376008 
70 88 0.414465 
71 88 0.614306 
72 88 0.0380684 
73 88 0.360675 
74 88 0.497251 
75 88 0.504988 
76 88 0.0213947 
77 88 0.689476 
78 88 0.0705342 
79 88 0.622137 
80 88 0.712361 
81 88 0.578262 
82 88 0.545671 
83 88 0.549885 
84 88 0.0559767 
85 88 0.716374 
86 88 0.126278 
87 88 0.29278 
88 88 0.635757 
89 88 0.360666 
90 88 0.64629 
91 88 0.660868 
92 88 0.535542 
93 88 0.285232 
94 88 0.0266037 
95 88 0.338095 
96 88 0.294179 
97 88 0.619846 
98 88 0.738663 
99 88 0.0597823 
