0 95 0.23574 
1 95 0.402629 
2 95 0.630722 
3 95 0.364093 
4 95 0.748398 
5 95 0.126507 
6 95 0.70433 
7 95 0.155125 
8 95 0.19708 
9 95 0.580931 
10 95 0.248982 
11 95 0.0537978 
12 95 0.334991 
13 95 0.703989 
14 95 0.405654 
15 95 0.719187 
16 95 0.570263 
17 95 0.330292 
18 95 0.263914 
19 95 0.323011 
20 95 0.249402 
21 95 0.0423279 
22 95 0.712673 
23 95 0.780878 
24 95 0.19035 
25 95 0.539953 
26 95 0.275816 
27 95 0.0181679 
28 95 0.0219999 
29 95 0.361271 
30 95 0.0896838 
31 95 0.561347 
32 95 0.630376 
33 95 0.526335 
34 95 0.497688 
35 95 0.752647 
36 95 0.472429 
37 95 0.0594344 
38 95 0.21622 
39 95 0.129908 
40 95 0.556528 
41 95 0.18417 
42 95 0.12196 
43 95 0.750581 
44 95 0.266324 
45 95 0.427062 
46 95 0.0547322 
47 95 0.00700859 
48 95 0.605988 
49 95 0.152621 
50 95 0.0596802 
51 95 0.0412852 
52 95 0.337855 
53 95 0.662612 
54 95 0.120694 
55 95 0.370811 
56 95 0.251743 
57 95 0.0574942 
58 95 0.573063 
59 95 0.353892 
60 95 0.237887 
61 95 0.789018 
62 95 0.109571 
63 95 0.401427 
64 95 0.78575 
65 95 0.15701 
66 95 0.170479 
67 95 0.364322 
68 95 0.757403 
69 95 0.589082 
70 95 0.421606 
71 95 0.422798 
72 95 0.541697 
73 95 0.408301 
74 95 0.801871 
75 95 0.314064 
76 95 0.617031 
77 95 0.148548 
78 95 0.354717 
79 95 0.238801 
80 95 0.540519 
81 95 0.34822 
82 95 0.238822 
83 95 0.789369 
84 95 0.140749 
85 95 0.464728 
86 95 0.459809 
87 95 0.445805 
88 95 0.6294 
89 95 0.734693 
90 95 0.187316 
91 95 0.618199 
92 95 0.560974 
93 95 0.618134 
94 95 0.237087 
95 95 0.00485099 
96 95 0.630087 
97 95 0.38747 
98 95 0.179126 
99 95 0.45969 
