0 34 0.529311 
1 34 0.518413 
2 34 0.533599 
3 34 0.274723 
4 34 0.0648812 
5 34 0.450612 
6 34 0.600207 
7 34 0.676942 
8 34 0.0852204 
9 34 0.69586 
10 34 0.43467 
11 34 0.356675 
12 34 0.701451 
13 34 0.601096 
14 34 0.490523 
15 34 0.506251 
16 34 0.251697 
17 34 0.601497 
18 34 0.318985 
19 34 0.199157 
20 34 0.560196 
21 34 0.0175993 
22 34 0.49815 
23 34 0.726301 
24 34 0.370006 
25 34 0.410189 
26 34 0.109902 
27 34 0.0175699 
28 34 0.0770519 
29 34 0.400919 
30 34 0.140173 
31 34 0.70703 
32 34 0.648246 
33 34 0.0272004 
34 34 0.199865 
35 34 0.680729 
36 34 0.543488 
37 34 0.182059 
38 34 0.606081 
39 34 0.286552 
40 34 0.16588 
41 34 0.133326 
42 34 0.736804 
43 34 0.661423 
44 34 0.403017 
45 34 0.769095 
46 34 0.794709 
47 34 0.329336 
48 34 0.251314 
49 34 0.408687 
50 34 0.218245 
51 34 0.761924 
52 34 0.799401 
53 34 0.559025 
54 34 0.760224 
55 34 0.445008 
56 34 0.348929 
57 34 0.374552 
58 34 0.238226 
59 34 0.466691 
60 34 0.249842 
61 34 0.29582 
62 34 0.346716 
63 34 0.318143 
64 34 0.615494 
65 34 0.226153 
66 34 0.413015 
67 34 0.554888 
68 34 0.288784 
69 34 0.364468 
70 34 0.489272 
71 34 0.464619 
72 34 0.322325 
73 34 0.0349215 
74 34 0.399032 
75 34 0.347313 
76 34 0.6778 
77 34 0.289513 
78 34 0.713537 
79 34 0.430588 
80 34 0.456965 
81 34 0.190007 
82 34 0.247192 
83 34 0.38251 
84 34 0.526683 
85 34 0.0688174 
86 34 0.145949 
87 34 0.755059 
88 34 0.180647 
89 34 0.164992 
90 34 0.566155 
91 34 0.719191 
92 34 0.317806 
93 34 0.713518 
94 34 0.186886 
95 34 0.33305 
96 34 0.10525 
97 34 0.202558 
98 34 0.570091 
99 34 0.122441 
