0 35 0.752558 
1 35 0.583458 
2 35 0.482547 
3 35 0.459632 
4 35 0.267579 
5 35 0.472958 
6 35 0.59799 
7 35 0.38906 
8 35 0.329302 
9 35 0.0152188 
10 35 0.457185 
11 35 0.572087 
12 35 0.0442766 
13 35 0.156162 
14 35 0.0138106 
15 35 0.133551 
16 35 0.669699 
17 35 0.406203 
18 35 0.192603 
19 35 0.299479 
20 35 0.105932 
21 35 0.290284 
22 35 0.00858149 
23 35 0.397652 
24 35 0.307185 
25 35 0.523188 
26 35 0.633426 
27 35 0.205888 
28 35 0.0660734 
29 35 0.683286 
30 35 0.660448 
31 35 0.300825 
32 35 0.0908666 
33 35 0.132019 
34 35 0.290943 
35 35 0.48778 
36 35 0.297235 
37 35 0.11636 
38 35 0.302139 
39 35 0.279656 
40 35 0.787003 
41 35 0.567697 
42 35 0.355553 
43 35 0.648564 
44 35 0.509225 
45 35 0.382222 
46 35 0.156296 
47 35 0.636694 
48 35 0.352071 
49 35 0.362223 
50 35 0.591199 
51 35 0.271634 
52 35 0.741212 
53 35 0.418542 
54 35 0.686865 
55 35 0.548396 
56 35 0.26984 
57 35 0.546221 
58 35 0.73393 
59 35 0.536186 
60 35 0.172306 
61 35 0.609524 
62 35 0.389425 
63 35 0.654604 
64 35 0.382558 
65 35 0.788742 
66 35 0.764185 
67 35 0.111162 
68 35 0.73713 
69 35 0.344062 
70 35 0.532268 
71 35 0.0649781 
72 35 0.69077 
73 35 0.469471 
74 35 0.534397 
75 35 0.150307 
76 35 0.675754 
77 35 0.289434 
78 35 0.395668 
79 35 0.785619 
80 35 0.414904 
81 35 0.796131 
82 35 0.580805 
83 35 0.603404 
84 35 0.623915 
85 35 0.0533806 
86 35 0.208046 
87 35 0.755567 
88 35 0.00939568 
89 35 0.500226 
90 35 0.767702 
91 35 0.46231 
92 35 0.721433 
93 35 0.454465 
94 35 0.540669 
95 35 0.162583 
96 35 0.22789 
97 35 0.735321 
98 35 0.388109 
99 35 0.0153765 
