0 73 0.481072 
1 73 0.0364023 
2 73 0.369531 
3 73 0.0976233 
4 73 0.73046 
5 73 0.213548 
6 73 0.362538 
7 73 0.139409 
8 73 0.450242 
9 73 0.295634 
10 73 0.509029 
11 73 0.52042 
12 73 0.48049 
13 73 0.223418 
14 73 0.752852 
15 73 0.375356 
16 73 0.480028 
17 73 0.536284 
18 73 0.755295 
19 73 0.102971 
20 73 0.285831 
21 73 0.430561 
22 73 0.350316 
23 73 0.144261 
24 73 0.0946892 
25 73 0.183051 
26 73 0.302759 
27 73 0.525792 
28 73 0.0616445 
29 73 0.328087 
30 73 0.579652 
31 73 0.78427 
32 73 0.297652 
33 73 0.596666 
34 73 0.0968884 
35 73 0.720143 
36 73 0.501354 
37 73 0.622396 
38 73 0.582972 
39 73 0.736193 
40 73 0.63075 
41 73 0.65816 
42 73 0.182423 
43 73 0.502301 
44 73 0.352066 
45 73 0.273873 
46 73 0.322802 
47 73 0.532654 
48 73 0.449661 
49 73 0.178029 
50 73 0.48299 
51 73 0.409464 
52 73 0.0126363 
53 73 0.627556 
54 73 0.105366 
55 73 0.0553963 
56 73 0.0787647 
57 73 0.535302 
58 73 0.546534 
59 73 0.431056 
60 73 0.385231 
61 73 0.349618 
62 73 0.522138 
63 73 0.636344 
64 73 0.602227 
65 73 0.695625 
66 73 0.796569 
67 73 0.557738 
68 73 0.682885 
69 73 0.0797443 
70 73 0.174779 
71 73 0.0169925 
72 73 0.410411 
73 73 0.23628 
74 73 0.48741 
75 73 0.728082 
76 73 0.772804 
77 73 0.432995 
78 73 0.142198 
79 73 0.772979 
80 73 0.103967 
81 73 0.6172 
82 73 0.534985 
83 73 0.128844 
84 73 0.617776 
85 73 0.689118 
86 73 0.231625 
87 73 0.0628477 
88 73 0.525818 
89 73 0.20303 
90 73 0.487409 
91 73 0.544227 
92 73 0.176086 
93 73 0.126521 
94 73 0.556554 
95 73 0.471501 
96 73 0.187571 
97 73 0.515944 
98 73 0.386945 
99 73 0.457922 
