0 50 0.34271 
1 50 0.137398 
2 50 0.51207 
3 50 0.363026 
4 50 0.0319665 
5 50 0.428495 
6 50 0.784252 
7 50 0.60721 
8 50 0.263921 
9 50 0.426281 
10 50 0.756385 
11 50 0.695278 
12 50 0.707806 
13 50 0.53901 
14 50 0.426187 
15 50 0.616456 
16 50 0.577788 
17 50 0.376889 
18 50 0.453553 
19 50 0.659953 
20 50 0.306394 
21 50 0.251732 
22 50 0.118693 
23 50 0.673813 
24 50 0.649591 
25 50 0.752536 
26 50 0.453604 
27 50 0.103094 
28 50 0.195844 
29 50 0.482663 
30 50 0.173209 
31 50 0.404917 
32 50 0.0123125 
33 50 0.257961 
34 50 0.197145 
35 50 0.0791791 
36 50 0.203481 
37 50 0.785716 
38 50 0.263576 
39 50 0.170702 
40 50 0.0825305 
41 50 0.210064 
42 50 0.325001 
43 50 0.420515 
44 50 0.0302955 
45 50 0.674048 
46 50 0.0863904 
47 50 0.203589 
48 50 0.0198017 
49 50 0.419726 
50 50 0.142705 
51 50 0.150143 
52 50 0.340766 
53 50 0.00623288 
54 50 0.661907 
55 50 0.623725 
56 50 0.428176 
57 50 0.162985 
58 50 0.567021 
59 50 0.385141 
60 50 0.110221 
61 50 0.206608 
62 50 0.747494 
63 50 0.202749 
64 50 0.0669239 
65 50 0.500434 
66 50 0.286072 
67 50 0.667989 
68 50 0.170374 
69 50 0.151591 
70 50 0.580169 
71 50 0.252659 
72 50 0.615642 
73 50 0.727906 
74 50 0.0728568 
75 50 0.430746 
76 50 0.177001 
77 50 0.149108 
78 50 0.164781 
79 50 0.620039 
80 50 0.476538 
81 50 0.651935 
82 50 0.621109 
83 50 0.108643 
84 50 0.70287 
85 50 0.0889679 
86 50 0.611589 
87 50 0.302775 
88 50 0.0553711 
89 50 0.676628 
90 50 0.486542 
91 50 0.776598 
92 50 0.67302 
93 50 0.731005 
94 50 0.237265 
95 50 0.691356 
96 50 0.492654 
97 50 0.274692 
98 50 0.173048 
99 50 0.396979 
