0 61 0.640142 
1 61 0.534373 
2 61 0.464555 
3 61 0.757273 
4 61 0.230621 
5 61 0.728778 
6 61 0.244968 
7 61 0.330449 
8 61 0.67642 
9 61 0.56444 
10 61 0.124321 
11 61 0.757463 
12 61 0.0563561 
13 61 0.0502083 
14 61 0.591935 
15 61 0.343933 
16 61 0.694927 
17 61 0.74638 
18 61 0.742231 
19 61 0.0415047 
20 61 0.18654 
21 61 0.755208 
22 61 0.158072 
23 61 0.796991 
24 61 0.257126 
25 61 0.121549 
26 61 0.192556 
27 61 0.74902 
28 61 0.779882 
29 61 0.441716 
30 61 0.608994 
31 61 0.376551 
32 61 0.0682119 
33 61 0.181162 
34 61 0.156469 
35 61 0.0466953 
36 61 0.550734 
37 61 0.342212 
38 61 0.62088 
39 61 0.674251 
40 61 0.562795 
41 61 0.190356 
42 61 0.340582 
43 61 0.339902 
44 61 0.668251 
45 61 0.148776 
46 61 0.170711 
47 61 0.596645 
48 61 0.531523 
49 61 0.630281 
50 61 0.29548 
51 61 0.628534 
52 61 0.518896 
53 61 0.487724 
54 61 0.63358 
55 61 0.0543061 
56 61 0.0275857 
57 61 0.70946 
58 61 0.723972 
59 61 0.0814914 
60 61 0.294999 
61 61 0.355014 
62 61 0.632488 
63 61 0.289688 
64 61 0.484274 
65 61 0.605246 
66 61 0.706718 
67 61 0.308133 
68 61 0.524283 
69 61 0.0339454 
70 61 0.64802 
71 61 0.418178 
72 61 0.325981 
73 61 0.629634 
74 61 0.768743 
75 61 0.665991 
76 61 0.788352 
77 61 0.232778 
78 61 0.309315 
79 61 0.206126 
80 61 0.0194769 
81 61 0.595372 
82 61 0.64624 
83 61 0.583126 
84 61 0.390615 
85 61 0.698944 
86 61 0.30667 
87 61 0.366672 
88 61 0.373024 
89 61 0.556093 
90 61 0.782105 
91 61 0.743925 
92 61 0.523246 
93 61 0.300416 
94 61 0.622584 
95 61 0.38168 
96 61 0.567858 
97 61 0.761302 
98 61 0.438885 
99 61 0.644433 
