0 14 0.578027 
1 14 0.399113 
2 14 0.301003 
3 14 0.67039 
4 14 0.384955 
5 14 0.0720048 
6 14 0.545178 
7 14 0.0530607 
8 14 0.196348 
9 14 0.506675 
10 14 0.489581 
11 14 0.361492 
12 14 0.0349903 
13 14 0.0959862 
14 14 0.13974 
15 14 0.405872 
16 14 0.638527 
17 14 0.130009 
18 14 0.329647 
19 14 0.0886624 
20 14 0.546135 
21 14 0.606371 
22 14 0.364432 
23 14 0.0217557 
24 14 0.794932 
25 14 0.294673 
26 14 0.554375 
27 14 0.224031 
28 14 0.152923 
29 14 0.141771 
30 14 0.0098878 
31 14 0.735559 
32 14 0.520895 
33 14 0.216561 
34 14 0.307002 
35 14 0.551179 
36 14 0.535356 
37 14 0.721554 
38 14 0.386176 
39 14 0.668999 
40 14 0.210341 
41 14 0.467211 
42 14 0.473013 
43 14 0.423648 
44 14 0.0970461 
45 14 0.166615 
46 14 0.312244 
47 14 0.380734 
48 14 0.114958 
49 14 0.252552 
50 14 0.69676 
51 14 0.22575 
52 14 0.426505 
53 14 0.508702 
54 14 0.621095 
55 14 0.394211 
56 14 0.710128 
57 14 0.0924481 
58 14 0.739331 
59 14 0.228359 
60 14 0.742045 
61 14 0.605373 
62 14 0.321527 
63 14 0.410034 
64 14 0.664499 
65 14 0.199513 
66 14 0.042312 
67 14 0.553725 
68 14 0.124794 
69 14 0.293928 
70 14 0.735052 
71 14 0.200313 
72 14 0.723982 
73 14 0.688674 
74 14 0.209552 
75 14 0.266028 
76 14 0.121735 
77 14 0.378526 
78 14 0.460733 
79 14 0.257519 
80 14 0.179746 
81 14 0.685758 
82 14 0.389742 
83 14 0.584318 
84 14 0.483338 
85 14 0.794266 
86 14 0.623035 
87 14 0.333622 
88 14 0.644891 
89 14 0.349226 
90 14 0.697942 
91 14 0.285156 
92 14 0.555155 
93 14 0.153735 
94 14 0.186071 
95 14 0.793726 
96 14 0.368455 
97 14 0.00992192 
98 14 0.506029 
99 14 0.557873 
