0 98 0.268433 
1 98 0.55385 
2 98 0.421161 
3 98 0.767877 
4 98 0.343255 
5 98 0.59106 
6 98 0.232099 
7 98 0.310734 
8 98 0.203791 
9 98 0.344924 
10 98 0.796419 
11 98 0.0968304 
12 98 0.519994 
13 98 0.0841865 
14 98 0.566767 
15 98 0.800375 
16 98 0.634855 
17 98 0.307822 
18 98 0.170876 
19 98 0.693147 
20 98 0.725023 
21 98 0.147763 
22 98 0.630924 
23 98 0.314548 
24 98 0.712051 
25 98 0.336826 
26 98 0.778746 
27 98 0.292924 
28 98 0.79917 
29 98 0.0518846 
30 98 0.11974 
31 98 0.0742531 
32 98 0.766459 
33 98 0.0347962 
34 98 0.767536 
35 98 0.699724 
36 98 0.612018 
37 98 0.0435806 
38 98 0.255399 
39 98 0.181171 
40 98 0.534411 
41 98 0.579497 
42 98 0.0065496 
43 98 0.570654 
44 98 0.659398 
45 98 0.531546 
46 98 0.125315 
47 98 0.208292 
48 98 0.112226 
49 98 0.344207 
50 98 0.800814 
51 98 0.0894218 
52 98 0.627245 
53 98 0.507536 
54 98 0.594346 
55 98 0.305815 
56 98 0.15959 
57 98 0.0178771 
58 98 0.279148 
59 98 0.165262 
60 98 0.478837 
61 98 0.50344 
62 98 0.21383 
63 98 0.335934 
64 98 0.653897 
65 98 0.638736 
66 98 0.284754 
67 98 0.0163107 
68 98 0.788174 
69 98 0.215271 
70 98 0.250191 
71 98 0.415774 
72 98 0.455923 
73 98 0.64221 
74 98 0.128661 
75 98 0.0319109 
76 98 0.550632 
77 98 0.485493 
78 98 0.241806 
79 98 0.523919 
80 98 0.499247 
81 98 0.0549682 
82 98 0.36474 
83 98 0.0241006 
84 98 0.468119 
85 98 0.179681 
86 98 0.0507661 
87 98 0.479272 
88 98 0.709049 
89 98 0.76244 
90 98 0.677175 
91 98 0.603461 
92 98 0.31353 
93 98 0.335689 
94 98 0.516193 
95 98 0.676995 
96 98 0.693451 
97 98 0.371502 
98 98 0.448593 
99 98 0.543467 
