0 39 0.640351 
1 39 0.25887 
2 39 0.403553 
3 39 0.0754186 
4 39 0.346029 
5 39 0.0306955 
6 39 0.738831 
7 39 0.664281 
8 39 0.632827 
9 39 0.197721 
10 39 0.499483 
11 39 0.683017 
12 39 0.421823 
13 39 0.607008 
14 39 0.258755 
15 39 0.377706 
16 39 0.27144 
17 39 0.0712426 
18 39 0.0414215 
19 39 0.163162 
20 39 0.779135 
21 39 0.737063 
22 39 0.626745 
23 39 0.593521 
24 39 0.0413536 
25 39 0.430766 
26 39 0.594335 
27 39 0.523761 
28 39 0.136545 
29 39 0.643368 
30 39 0.766453 
31 39 0.402412 
32 39 0.387809 
33 39 0.518298 
34 39 0.725384 
35 39 0.470243 
36 39 0.641889 
37 39 0.720169 
38 39 0.0062863 
39 39 0.377222 
40 39 0.801279 
41 39 0.244183 
42 39 0.15052 
43 39 0.125687 
44 39 0.378692 
45 39 0.155274 
46 39 0.41523 
47 39 0.499126 
48 39 0.0119092 
49 39 0.597618 
50 39 0.372623 
51 39 0.414929 
52 39 0.111456 
53 39 0.179337 
54 39 0.0633952 
55 39 0.789309 
56 39 0.589886 
57 39 0.337391 
58 39 0.169361 
59 39 0.379334 
60 39 0.141884 
61 39 0.429229 
62 39 0.0773983 
63 39 0.546546 
64 39 0.402655 
65 39 0.185797 
66 39 0.345041 
67 39 0.591299 
68 39 0.196629 
69 39 0.297347 
70 39 0.555751 
71 39 0.0625961 
72 39 0.665475 
73 39 0.665501 
74 39 0.0238122 
75 39 0.0848396 
76 39 0.394493 
77 39 0.420382 
78 39 0.217725 
79 39 0.135247 
80 39 0.410602 
81 39 0.593874 
82 39 0.138706 
83 39 0.42636 
84 39 0.747766 
85 39 0.672722 
86 39 0.136043 
87 39 0.408618 
88 39 0.439776 
89 39 0.794955 
90 39 0.590195 
91 39 0.182355 
92 39 0.630667 
93 39 0.186565 
94 39 0.749433 
95 39 0.370304 
96 39 0.47628 
97 39 0.564162 
98 39 0.107874 
99 39 0.652262 
