0 58 0.6909 
1 58 0.455723 
2 58 0.53672 
3 58 0.719637 
4 58 0.0580862 
5 58 0.366203 
6 58 0.589132 
7 58 0.152041 
8 58 0.682802 
9 58 0.708296 
10 58 0.410965 
11 58 0.513241 
12 58 0.676505 
13 58 0.0888215 
14 58 0.757881 
15 58 0.660334 
16 58 0.252969 
17 58 0.541911 
18 58 0.0472166 
19 58 0.326822 
20 58 0.188841 
21 58 0.400422 
22 58 0.261836 
23 58 0.330193 
24 58 0.714778 
25 58 0.758195 
26 58 0.733248 
27 58 0.49559 
28 58 0.0634073 
29 58 0.595917 
30 58 0.632981 
31 58 0.380505 
32 58 0.677443 
33 58 0.331335 
34 58 0.307896 
35 58 0.428993 
36 58 0.0633902 
37 58 0.506104 
38 58 0.694086 
39 58 0.375254 
40 58 0.154973 
41 58 0.0941986 
42 58 0.161 
43 58 0.772513 
44 58 0.199627 
45 58 0.44611 
46 58 0.788742 
47 58 0.601892 
48 58 0.0136247 
49 58 0.461374 
50 58 0.687959 
51 58 0.71776 
52 58 0.716246 
53 58 0.548755 
54 58 0.505874 
55 58 0.499861 
56 58 0.0294381 
57 58 0.0459139 
58 58 0.688113 
59 58 0.362101 
60 58 0.379731 
61 58 0.413262 
62 58 0.0580385 
63 58 0.775664 
64 58 0.560468 
65 58 0.0560992 
66 58 0.319515 
67 58 0.149773 
68 58 0.676604 
69 58 0.512839 
70 58 0.505097 
71 58 0.0549453 
72 58 0.433098 
73 58 0.528119 
74 58 0.0922333 
75 58 0.225736 
76 58 0.181192 
77 58 0.478038 
78 58 0.435365 
79 58 0.397693 
80 58 0.50561 
81 58 0.446426 
82 58 0.467322 
83 58 0.180431 
84 58 0.11375 
85 58 0.127723 
86 58 0.311019 
87 58 0.180488 
88 58 0.782046 
89 58 0.174557 
90 58 0.340833 
91 58 0.56068 
92 58 0.66785 
93 58 0.616786 
94 58 0.742733 
95 58 0.0368033 
96 58 0.258417 
97 58 0.725932 
98 58 0.313441 
99 58 0.254646 
