0 55 0.800205 
1 55 0.694135 
2 55 0.669818 
3 55 0.430643 
4 55 0.00366838 
5 55 0.683296 
6 55 0.205184 
7 55 0.674756 
8 55 0.587278 
9 55 0.0504114 
10 55 0.19541 
11 55 0.0611926 
12 55 0.0580381 
13 55 0.653992 
14 55 0.105454 
15 55 0.15734 
16 55 0.668142 
17 55 0.29336 
18 55 0.38336 
19 55 0.736019 
20 55 0.775016 
21 55 0.724636 
22 55 0.031484 
23 55 0.442893 
24 55 0.104992 
25 55 0.39377 
26 55 0.128273 
27 55 0.399874 
28 55 0.615658 
29 55 0.155309 
30 55 0.234443 
31 55 0.185941 
32 55 0.411532 
33 55 0.28642 
34 55 0.118957 
35 55 0.613613 
36 55 0.172744 
37 55 0.653188 
38 55 0.442219 
39 55 0.344185 
40 55 0.651659 
41 55 0.698068 
42 55 0.498449 
43 55 0.692223 
44 55 0.655253 
45 55 0.406945 
46 55 0.0339868 
47 55 0.0974884 
48 55 0.533097 
49 55 0.699168 
50 55 0.128271 
51 55 0.392445 
52 55 0.136357 
53 55 0.167892 
54 55 0.049982 
55 55 0.353512 
56 55 0.531989 
57 55 0.273276 
58 55 0.479652 
59 55 0.210037 
60 55 0.0173537 
61 55 0.379173 
62 55 0.764636 
63 55 0.680061 
64 55 0.73529 
65 55 0.200627 
66 55 0.782779 
67 55 0.367459 
68 55 0.0993798 
69 55 0.221031 
70 55 0.724495 
71 55 0.257892 
72 55 0.176577 
73 55 0.657232 
74 55 0.744944 
75 55 0.0631465 
76 55 0.277737 
77 55 0.465978 
78 55 0.64533 
79 55 0.459713 
80 55 0.0168999 
81 55 0.448102 
82 55 0.74283 
83 55 0.497628 
84 55 0.156415 
85 55 0.399018 
86 55 0.0614875 
87 55 0.178462 
88 55 0.457425 
89 55 0.217624 
90 55 0.0460852 
91 55 0.20662 
92 55 0.203272 
93 55 0.0121146 
94 55 0.315719 
95 55 0.744907 
96 55 0.0591142 
97 55 0.0151621 
98 55 0.0164577 
99 55 0.625742 
