0 31 0.0322154 
1 31 0.319241 
2 31 0.724091 
3 31 0.0852364 
4 31 0.649613 
5 31 0.777861 
6 31 0.664119 
7 31 0.121992 
8 31 0.706202 
9 31 0.776593 
10 31 0.3212 
11 31 0.690216 
12 31 0.797885 
13 31 0.218088 
14 31 0.0091933 
15 31 0.367812 
16 31 0.733573 
17 31 0.495624 
18 31 0.496993 
19 31 0.354957 
20 31 0.359862 
21 31 0.462876 
22 31 0.583632 
23 31 0.395497 
24 31 0.218677 
25 31 0.511478 
26 31 0.320038 
27 31 0.297932 
28 31 0.654033 
29 31 0.634858 
30 31 0.591509 
31 31 0.0756741 
32 31 0.0540033 
33 31 0.380539 
34 31 0.789359 
35 31 0.433 
36 31 0.491695 
37 31 0.715328 
38 31 0.145904 
39 31 0.287292 
40 31 0.318576 
41 31 0.760348 
42 31 0.310891 
43 31 0.0174274 
44 31 0.316466 
45 31 0.534538 
46 31 0.47201 
47 31 0.763991 
48 31 0.602816 
49 31 0.157383 
50 31 0.622302 
51 31 0.664191 
52 31 0.767026 
53 31 0.724905 
54 31 0.192155 
55 31 0.0871771 
56 31 0.49873 
57 31 0.451637 
58 31 0.43825 
59 31 0.564176 
60 31 0.565337 
61 31 0.33243 
62 31 0.573485 
63 31 0.143117 
64 31 0.502029 
65 31 0.233303 
66 31 0.263374 
67 31 0.406565 
68 31 0.406454 
69 31 0.361906 
70 31 0.025709 
71 31 0.720342 
72 31 0.587641 
73 31 0.65484 
74 31 0.211965 
75 31 0.221677 
76 31 0.412139 
77 31 0.00563395 
78 31 0.223872 
79 31 0.724631 
80 31 0.699221 
81 31 0.453683 
82 31 0.749829 
83 31 0.70497 
84 31 0.658325 
85 31 0.0549435 
86 31 0.0915336 
87 31 0.0318077 
88 31 0.0764192 
89 31 0.511876 
90 31 0.610575 
91 31 0.0971628 
92 31 0.641141 
93 31 0.586559 
94 31 0.335699 
95 31 0.255254 
96 31 0.206944 
97 31 0.443156 
98 31 0.309094 
99 31 0.746403 
