0 66 0.0508993 
1 66 0.684242 
2 66 0.436708 
3 66 0.70941 
4 66 0.684078 
5 66 0.403635 
6 66 0.526674 
7 66 0.350909 
8 66 0.636768 
9 66 0.0509126 
10 66 0.479396 
11 66 0.256806 
12 66 0.297431 
13 66 0.0516426 
14 66 0.290491 
15 66 0.799744 
16 66 0.291178 
17 66 0.307745 
18 66 0.332706 
19 66 0.622681 
20 66 0.153047 
21 66 0.357689 
22 66 0.784829 
23 66 0.726925 
24 66 0.506075 
25 66 0.21211 
26 66 0.133268 
27 66 0.0250759 
28 66 0.518861 
29 66 0.184828 
30 66 0.687626 
31 66 0.457781 
32 66 0.324668 
33 66 0.289546 
34 66 0.703642 
35 66 0.329711 
36 66 0.117316 
37 66 0.565486 
38 66 0.083595 
39 66 0.385145 
40 66 0.374004 
41 66 0.630359 
42 66 0.62909 
43 66 0.196646 
44 66 0.374745 
45 66 0.629704 
46 66 0.336709 
47 66 0.681029 
48 66 0.614573 
49 66 0.540936 
50 66 0.327671 
51 66 0.135811 
52 66 0.0755377 
53 66 0.655313 
54 66 0.396942 
55 66 0.442852 
56 66 0.65929 
57 66 0.386219 
58 66 0.265953 
59 66 0.647073 
60 66 0.452361 
61 66 0.252633 
62 66 0.441964 
63 66 0.421145 
64 66 0.708274 
65 66 0.725179 
66 66 0.355901 
67 66 0.350773 
68 66 0.275303 
69 66 0.327629 
70 66 0.562589 
71 66 0.690227 
72 66 0.660688 
73 66 0.55909 
74 66 0.336183 
75 66 0.176009 
76 66 0.084951 
77 66 0.751117 
78 66 0.396588 
79 66 0.147367 
80 66 0.543995 
81 66 0.5078 
82 66 0.254266 
83 66 0.801915 
84 66 0.26823 
85 66 0.767045 
86 66 0.679835 
87 66 0.427395 
88 66 0.718739 
89 66 0.506391 
90 66 0.509942 
91 66 0.481782 
92 66 0.5459 
93 66 0.208341 
94 66 0.680062 
95 66 0.226841 
96 66 0.700182 
97 66 0.371442 
98 66 0.598204 
99 66 0.188891 
