0 84 0.0369747 
1 84 0.718601 
2 84 0.334029 
3 84 0.339049 
4 84 0.39222 
5 84 0.280684 
6 84 0.316605 
7 84 0.670241 
8 84 0.648064 
9 84 0.126234 
10 84 0.105889 
11 84 0.0341384 
12 84 0.126892 
13 84 0.558814 
14 84 0.629149 
15 84 0.607903 
16 84 0.74842 
17 84 0.581257 
18 84 0.080252 
19 84 0.680945 
20 84 0.0961387 
21 84 0.458961 
22 84 0.61241 
23 84 0.590037 
24 84 0.684016 
25 84 0.232795 
26 84 0.167122 
27 84 0.454724 
28 84 0.683278 
29 84 0.527676 
30 84 0.522984 
31 84 0.464385 
32 84 0.727769 
33 84 0.511549 
34 84 0.701337 
35 84 0.59103 
36 84 0.381445 
37 84 0.274871 
38 84 0.312417 
39 84 0.780054 
40 84 0.574842 
41 84 0.741352 
42 84 0.705389 
43 84 0.177508 
44 84 0.639109 
45 84 0.264111 
46 84 0.10596 
47 84 0.524685 
48 84 0.568848 
49 84 0.214976 
50 84 0.453985 
51 84 0.140198 
52 84 0.415105 
53 84 0.228717 
54 84 0.500058 
55 84 0.223418 
56 84 0.65687 
57 84 0.606145 
58 84 0.485627 
59 84 0.0622982 
60 84 0.691891 
61 84 0.637825 
62 84 0.226432 
63 84 0.121721 
64 84 0.558487 
65 84 0.680468 
66 84 0.468732 
67 84 0.464535 
68 84 0.593999 
69 84 0.569463 
70 84 0.798001 
71 84 0.680804 
72 84 0.224034 
73 84 0.187742 
74 84 0.250281 
75 84 0.099029 
76 84 0.378706 
77 84 0.445645 
78 84 0.574015 
79 84 0.0102682 
80 84 0.768675 
81 84 0.382247 
82 84 0.0757325 
83 84 0.175336 
84 84 0.489739 
85 84 0.258991 
86 84 0.478527 
87 84 0.481306 
88 84 0.053445 
89 84 0.368834 
90 84 0.0701851 
91 84 0.0451876 
92 84 0.673461 
93 84 0.429707 
94 84 0.359564 
95 84 0.0541557 
96 84 0.628649 
97 84 0.0624716 
98 84 0.716896 
99 84 0.601002 
